00000.jpg
-0.34484	-0.35906	-0.86727	0.23832
-0.05912	0.93042	-0.36169	1.64179
0.93680	-0.07346	-0.34208	-0.32901
0.00000	0.00000	0.00000	1.00000
00001.jpg
-0.34289	-0.37509	-0.86124	0.22022
-0.07491	0.92482	-0.37296	1.64796
0.93639	-0.06336	-0.34521	-0.38448
0.00000	0.00000	0.00000	1.00000
00002.jpg
-0.27805	-0.39503	-0.87558	0.23679
-0.10619	0.91858	-0.38071	1.66311
0.95468	-0.01288	-0.29736	-0.59033
0.00000	0.00000	0.00000	1.00000
00003.jpg
-0.29264	-0.36852	-0.88236	0.06113
-0.08807	0.92922	-0.35888	1.66530
0.95216	-0.02732	-0.30438	-0.56929
0.00000	0.00000	0.00000	1.00000
00004.jpg
-0.34158	-0.13565	-0.93001	-0.05646
-0.07778	0.99021	-0.11587	1.20033
0.93663	0.03276	-0.34879	-0.66721
0.00000	0.00000	0.00000	1.00000
00005.jpg
-0.31967	-0.06819	-0.94507	-0.05632
-0.06345	0.99671	-0.05046	0.99790
0.94540	0.04383	-0.32294	-0.68969
0.00000	0.00000	0.00000	1.00000
00006.jpg
-0.27979	-0.22708	-0.93282	-0.10873
-0.09722	0.97333	-0.20778	1.35511
0.95513	0.03256	-0.29440	-0.67178
0.00000	0.00000	0.00000	1.00000
00008.jpg
-0.22462	-0.42100	-0.87881	-0.22546
-0.13140	0.90670	-0.40078	1.64332
0.96555	0.02545	-0.25899	-0.58742
0.00000	0.00000	0.00000	1.00000
00009.jpg
-0.43442	-0.47016	-0.76826	-0.51713
-0.07282	0.86849	-0.49033	1.64924
0.89776	-0.15706	-0.41152	-0.40099
0.00000	0.00000	0.00000	1.00000
00010.jpg
-0.66328	-0.39269	-0.63706	-0.83242
-0.07989	0.88356	-0.46145	1.65210
0.74409	-0.25518	-0.61742	-0.30647
0.00000	0.00000	0.00000	1.00000
00011.jpg
-0.82317	-0.33582	-0.45783	-1.05564
-0.06708	0.85821	-0.50889	1.63377
0.56382	-0.38819	-0.72898	-0.04836
0.00000	0.00000	0.00000	1.00000
00012.jpg
-0.95308	-0.17672	-0.24577	-1.35150
-0.01605	0.84025	-0.54196	1.64002
0.30229	-0.51258	-0.80367	0.18408
0.00000	0.00000	0.00000	1.00000
00013.jpg
-0.97573	-0.14301	-0.16581	-1.44464
-0.05254	0.88805	-0.45673	1.66269
0.21256	-0.43694	-0.87402	0.48544
0.00000	0.00000	0.00000	1.00000
00014.jpg
-0.99945	-0.03030	0.01338	-1.68138
-0.03309	0.89829	-0.43816	1.65566
0.00126	-0.43837	-0.89880	0.79974
0.00000	0.00000	0.00000	1.00000
00015.jpg
-0.99684	-0.02941	0.07374	-1.70809
-0.06238	0.86468	-0.49844	1.65707
-0.04910	-0.50147	-0.86378	1.01971
0.00000	0.00000	0.00000	1.00000
00016.jpg
-0.99921	-0.02717	0.02894	-1.85561
-0.03739	0.88902	-0.45635	1.66027
-0.01333	-0.45707	-0.88933	1.18990
0.00000	0.00000	0.00000	1.00000
00017.jpg
-0.97484	-0.16057	-0.15464	-1.72795
-0.08628	0.91137	-0.40245	1.66537
0.20556	-0.37898	-0.90229	1.36118
0.00000	0.00000	0.00000	1.00000
00018.jpg
-0.99161	-0.08816	-0.09453	-1.75026
-0.04503	0.92114	-0.38663	1.67242
0.12116	-0.37913	-0.91738	1.52074
0.00000	0.00000	0.00000	1.00000
00019.jpg
-0.98042	-0.15709	-0.11877	-1.53118
-0.10206	0.92107	-0.37579	1.66889
0.16843	-0.35630	-0.91906	1.46320
0.00000	0.00000	0.00000	1.00000
00020.jpg
-0.98940	-0.10468	-0.10066	-1.47495
-0.05932	0.92398	-0.37781	1.66891
0.13256	-0.36784	-0.92039	1.36906
0.00000	0.00000	0.00000	1.00000
00021.jpg
-0.92202	-0.23132	-0.31043	-1.24697
-0.11542	0.92965	-0.34991	1.67134
0.36953	-0.28679	-0.88386	1.25419
0.00000	0.00000	0.00000	1.00000
00022.jpg
-0.93686	-0.16955	-0.30584	-1.16791
-0.05644	0.93644	-0.34626	1.67270
0.34511	-0.30714	-0.88688	1.30647
0.00000	0.00000	0.00000	1.00000
00023.jpg
-0.88596	-0.22566	-0.40517	-1.07783
-0.09530	0.94358	-0.31715	1.68085
0.45387	-0.24237	-0.85747	1.33886
0.00000	0.00000	0.00000	1.00000
00024.jpg
-0.90258	-0.21140	-0.37504	-1.31694
-0.08372	0.94069	-0.32876	1.67111
0.42230	-0.26533	-0.86675	1.48506
0.00000	0.00000	0.00000	1.00000
00025.jpg
-0.96428	-0.12183	-0.23519	-1.49906
-0.03636	0.94042	-0.33805	1.67480
0.26236	-0.31743	-0.91127	1.62623
0.00000	0.00000	0.00000	1.00000
00026.jpg
-0.98062	-0.08929	-0.17437	-1.76940
-0.02723	0.94357	-0.33005	1.66836
0.19400	-0.31891	-0.92772	1.67862
0.00000	0.00000	0.00000	1.00000
00027.jpg
-0.99481	-0.05639	-0.08471	-2.00460
-0.02492	0.94206	-0.33450	1.67834
0.09867	-0.33066	-0.93858	1.67092
0.00000	0.00000	0.00000	1.00000
00028.jpg
-0.99697	0.03730	0.06829	-2.28347
0.01159	0.93902	-0.34368	1.67008
-0.07694	-0.34185	-0.93660	1.61923
0.00000	0.00000	0.00000	1.00000
00029.jpg
-0.95498	0.07289	0.28757	-2.57075
-0.02362	0.94759	-0.31861	1.67322
-0.29572	-0.31106	-0.90321	1.47457
0.00000	0.00000	0.00000	1.00000
00030.jpg
-0.97282	0.00027	0.23157	-2.61807
-0.06864	0.95472	-0.28950	1.68405
-0.22116	-0.29752	-0.92875	1.30674
0.00000	0.00000	0.00000	1.00000
00031.jpg
-0.95855	-0.01972	0.28424	-2.59539
-0.10485	0.95200	-0.28757	1.67564
-0.26492	-0.30545	-0.91461	1.03128
0.00000	0.00000	0.00000	1.00000
00032.jpg
-0.96675	-0.03366	0.25348	-2.40328
-0.09856	0.96375	-0.24793	1.68928
-0.23595	-0.26467	-0.93503	0.63120
0.00000	0.00000	0.00000	1.00000
00033.jpg
-0.97377	-0.02114	0.22654	-2.28480
-0.09268	0.94617	-0.31012	1.66824
-0.20779	-0.32298	-0.92331	0.22632
0.00000	0.00000	0.00000	1.00000
00034.jpg
-0.97572	0.00346	0.21900	-2.21625
-0.09336	0.89792	-0.43014	1.65607
-0.19813	-0.44014	-0.87580	-0.17404
0.00000	0.00000	0.00000	1.00000
00035.jpg
-0.95214	0.09823	0.28946	-2.24201
-0.06311	0.86338	-0.50059	1.65373
-0.29908	-0.49490	-0.81586	-0.52101
0.00000	0.00000	0.00000	1.00000
00036.jpg
-0.80438	0.23106	0.54735	-2.48719
-0.09674	0.85805	-0.50438	1.65005
-0.58619	-0.45866	-0.66784	-0.67383
0.00000	0.00000	0.00000	1.00000
00037.jpg
-0.84168	0.19257	0.50447	-2.66920
-0.09241	0.86910	-0.48594	1.65733
-0.53201	-0.45562	-0.71370	-0.60249
0.00000	0.00000	0.00000	1.00000
00038.jpg
-0.75530	0.20830	0.62139	-2.87839
-0.13399	0.87904	-0.45754	1.65771
-0.64153	-0.42884	-0.63603	-0.69413
0.00000	0.00000	0.00000	1.00000
00039.jpg
-0.44636	0.44398	0.77695	-2.91644
-0.03921	0.85770	-0.51265	1.64724
-0.89399	-0.25929	-0.36544	-0.88279
0.00000	0.00000	0.00000	1.00000
00040.jpg
-0.45141	0.46853	0.75941	-3.00952
-0.06193	0.83256	-0.55047	1.64657
-0.89016	-0.29552	-0.34681	-0.89977
0.00000	0.00000	0.00000	1.00000
00041.jpg
-0.28159	0.40829	0.86833	-3.11330
-0.16435	0.87106	-0.46287	1.65427
-0.94536	-0.27305	-0.17818	-1.18928
0.00000	0.00000	0.00000	1.00000
00042.jpg
-0.08304	0.45229	0.88800	-3.24660
-0.04774	0.88824	-0.45688	1.65720
-0.99540	-0.08034	-0.05217	-1.29014
0.00000	0.00000	0.00000	1.00000
00043.jpg
-0.20378	0.50034	0.84151	-3.37254
-0.06500	0.85073	-0.52157	1.64790
-0.97686	-0.16098	-0.14084	-1.39430
0.00000	0.00000	0.00000	1.00000
00044.jpg
-0.01677	0.55124	0.83418	-3.52370
-0.04654	0.83296	-0.55138	1.63313
-0.99878	-0.04807	0.01169	-1.54496
0.00000	0.00000	0.00000	1.00000
00045.jpg
-0.02141	0.58330	0.81197	-3.58990
-0.02490	0.81160	-0.58369	1.63511
-0.99946	-0.03272	-0.00285	-1.49113
0.00000	0.00000	0.00000	1.00000
00046.jpg
0.15379	0.55937	0.81453	-3.65744
-0.01540	0.82559	-0.56406	1.62906
-0.98798	0.07421	0.13558	-1.59023
0.00000	0.00000	0.00000	1.00000
00047.jpg
0.08092	0.50730	0.85796	-3.66273
-0.09176	0.86092	-0.50040	1.64341
-0.99249	-0.03824	0.11621	-1.59751
0.00000	0.00000	0.00000	1.00000
00048.jpg
-0.04342	0.51234	0.85769	-3.59376
-0.09026	0.85297	-0.51409	1.55199
-0.99497	-0.09974	0.00920	-1.52568
0.00000	0.00000	0.00000	1.00000
00049.jpg
0.11979	0.15341	0.98088	-3.51479
0.00166	0.98796	-0.15472	1.13784
-0.99280	0.02016	0.11809	-1.58806
0.00000	0.00000	0.00000	1.00000
00050.jpg
0.18778	-0.12924	0.97367	-3.54375
-0.01752	0.99071	0.13488	0.97455
-0.98205	-0.04239	0.18377	-1.55572
0.00000	0.00000	0.00000	1.00000
00051.jpg
0.10767	0.01640	0.99405	-3.51377
-0.03529	0.99930	-0.01266	0.92191
-0.99356	-0.03371	0.10817	-1.59480
0.00000	0.00000	0.00000	1.00000
00052.jpg
0.09861	-0.00782	0.99510	-3.52604
-0.05731	0.99826	0.01352	0.92722
-0.99347	-0.05836	0.09799	-1.60933
0.00000	0.00000	0.00000	1.00000
00053.jpg
0.10349	-0.00214	0.99463	-3.53112
-0.05947	0.99820	0.00833	0.92750
-0.99285	-0.06001	0.10318	-1.61091
0.00000	0.00000	0.00000	1.00000
00054.jpg
0.11549	0.01015	0.99326	-3.52904
-0.03931	0.99921	-0.00564	0.92517
-0.99253	-0.03839	0.11580	-1.60528
0.00000	0.00000	0.00000	1.00000
00055.jpg
0.00238	0.25459	0.96705	-3.47571
-0.09428	0.96280	-0.25323	1.15554
-0.99554	-0.09057	0.02629	-1.61530
0.00000	0.00000	0.00000	1.00000
00056.jpg
-0.10987	0.54924	0.82841	-3.47351
-0.09753	0.82348	-0.55890	1.58456
-0.98915	-0.14220	-0.03690	-1.66244
0.00000	0.00000	0.00000	1.00000
00057.jpg
-0.12018	0.55797	0.82111	-3.44895
-0.11183	0.81424	-0.56966	1.60880
-0.98643	-0.16029	-0.03546	-1.70545
0.00000	0.00000	0.00000	1.00000
00058.jpg
0.00797	0.49982	0.86609	-3.22074
-0.11430	0.86090	-0.49577	1.61311
-0.99341	-0.09504	0.06399	-1.88927
0.00000	0.00000	0.00000	1.00000
00059.jpg
0.08405	0.54731	0.83270	-3.03873
-0.15183	0.83293	-0.53214	1.61960
-0.98483	-0.08170	0.15310	-2.00015
0.00000	0.00000	0.00000	1.00000
00060.jpg
0.36033	0.62392	0.69346	-2.92642
-0.08823	0.76286	-0.64051	1.61422
-0.92864	0.16961	0.32993	-2.15998
0.00000	0.00000	0.00000	1.00000
00061.jpg
0.43485	0.58248	0.68675	-2.71471
-0.06773	0.78162	-0.62007	1.61502
-0.89795	0.22312	0.37934	-2.26816
0.00000	0.00000	0.00000	1.00000
00062.jpg
0.64062	0.50379	0.57949	-2.46063
-0.05772	0.78414	-0.61789	1.62232
-0.76568	0.36239	0.53142	-2.32236
0.00000	0.00000	0.00000	1.00000
00063.jpg
0.84235	0.35992	0.40114	-2.27506
-0.06068	0.80292	-0.59299	1.63479
-0.53551	0.47516	0.69818	-2.54128
0.00000	0.00000	0.00000	1.00000
00064.jpg
0.93148	0.23184	0.28036	-2.24915
-0.05813	0.85559	-0.51438	1.64252
-0.35912	0.46284	0.81044	-2.72430
0.00000	0.00000	0.00000	1.00000
00065.jpg
0.95935	0.18254	0.21526	-2.21798
-0.07808	0.90457	-0.41911	1.63670
-0.27122	0.38526	0.88205	-2.88769
0.00000	0.00000	0.00000	1.00000
00066.jpg
0.96809	0.17246	0.18182	-2.21646
-0.07412	0.89013	-0.44963	1.63080
-0.23939	0.42181	0.87451	-2.90563
0.00000	0.00000	0.00000	1.00000
00067.jpg
0.91910	0.24716	0.30687	-2.20268
-0.09771	0.89745	-0.43017	1.65497
-0.38172	0.36538	0.84899	-2.80360
0.00000	0.00000	0.00000	1.00000
00068.jpg
0.99044	0.10360	0.09104	-2.00937
-0.05978	0.91736	-0.39355	1.64699
-0.12429	0.38435	0.91478	-2.81466
0.00000	0.00000	0.00000	1.00000
00069.jpg
0.99387	0.10733	0.02638	-1.89401
-0.08421	0.88994	-0.44823	1.64013
-0.07159	0.44327	0.89353	-2.80201
0.00000	0.00000	0.00000	1.00000
00070.jpg
0.99326	0.11394	0.02132	-1.84981
-0.09156	0.88399	-0.45844	1.65541
-0.07108	0.45340	0.88847	-2.56181
0.00000	0.00000	0.00000	1.00000
00071.jpg
0.98247	0.01165	-0.18605	-1.60529
-0.09852	0.87973	-0.46516	1.65941
0.15826	0.47533	0.86546	-2.45139
0.00000	0.00000	0.00000	1.00000
00072.jpg
0.90918	-0.02585	-0.41560	-1.30999
-0.16602	0.89281	-0.41872	1.66886
0.38187	0.44969	0.80744	-2.41201
0.00000	0.00000	0.00000	1.00000
00073.jpg
0.87304	-0.09090	-0.47911	-1.14347
-0.11360	0.91753	-0.38109	1.67068
0.47424	0.38713	0.79071	-2.45077
0.00000	0.00000	0.00000	1.00000
00074.jpg
0.83202	-0.16100	-0.53087	-0.84441
-0.10608	0.89313	-0.43711	1.66251
0.54451	0.41999	0.72602	-2.56359
0.00000	0.00000	0.00000	1.00000
00075.jpg
0.76558	-0.23640	-0.59834	-0.59327
-0.06152	0.89888	-0.43386	1.65717
0.64040	0.36896	0.67362	-2.67759
0.00000	0.00000	0.00000	1.00000
00076.jpg
0.68210	-0.29072	-0.67099	-0.43965
-0.07560	0.88463	-0.46013	1.64605
0.72734	0.36458	0.58142	-2.80074
0.00000	0.00000	0.00000	1.00000
00077.jpg
0.76163	-0.23121	-0.60536	-0.42090
-0.08686	0.88933	-0.44895	1.65471
0.64216	0.39452	0.65725	-2.99129
0.00000	0.00000	0.00000	1.00000
00078.jpg
0.73613	-0.22270	-0.63915	-0.42482
-0.04760	0.92495	-0.37710	1.65697
0.67516	0.30802	0.67028	-3.07475
0.00000	0.00000	0.00000	1.00000
00079.jpg
0.83905	-0.15277	-0.52217	-0.42944
-0.08282	0.91271	-0.40012	1.66098
0.53772	0.37897	0.75316	-3.05227
0.00000	0.00000	0.00000	1.00000
00080.jpg
0.80631	-0.19546	-0.55826	-0.21871
-0.08593	0.89510	-0.43752	1.64654
0.58521	0.40075	0.70493	-2.92663
0.00000	0.00000	0.00000	1.00000
00081.jpg
0.73170	-0.24637	-0.63555	-0.13431
-0.09685	0.88535	-0.45472	1.64174
0.67472	0.39427	0.62395	-2.74675
0.00000	0.00000	0.00000	1.00000
00082.jpg
0.52849	-0.07905	-0.84525	-0.13785
-0.08929	0.98496	-0.14794	1.29650
0.84423	0.15365	0.51348	-2.54484
0.00000	0.00000	0.00000	1.00000
00083.jpg
0.52128	-0.07600	-0.85000	-0.03934
-0.08854	0.98583	-0.14245	1.23024
0.84878	0.14951	0.50716	-2.55545
0.00000	0.00000	0.00000	1.00000
00084.jpg
0.53455	-0.07789	-0.84154	-0.23692
-0.09765	0.98338	-0.15305	1.26224
0.83948	0.16399	0.51806	-2.43133
0.00000	0.00000	0.00000	1.00000
00085.jpg
0.31917	-0.08476	-0.94390	-0.03215
-0.13725	0.98136	-0.13453	1.25336
0.93771	0.17249	0.30158	-2.16760
0.00000	0.00000	0.00000	1.00000
00086.jpg
0.28019	-0.09113	-0.95561	0.11660
-0.06731	0.99117	-0.11426	1.20585
0.95758	0.09634	0.27158	-2.01678
0.00000	0.00000	0.00000	1.00000
00087.jpg
0.29464	-0.13140	-0.94653	0.13200
-0.07906	0.98375	-0.16118	1.18305
0.95233	0.12233	0.27947	-1.95337
0.00000	0.00000	0.00000	1.00000
00088.jpg
0.28892	-0.11405	-0.95053	0.12195
-0.09270	0.98488	-0.14635	1.18725
0.95285	0.13040	0.27398	-1.95118
0.00000	0.00000	0.00000	1.00000
00089.jpg
0.34501	-0.19214	-0.91872	0.03718
-0.07579	0.96992	-0.23131	1.23498
0.93553	0.14943	0.32008	-2.07800
0.00000	0.00000	0.00000	1.00000
00090.jpg
0.37764	-0.14704	-0.91421	-0.06515
-0.14888	0.96482	-0.21668	1.26971
0.91391	0.21793	0.34246	-2.30076
0.00000	0.00000	0.00000	1.00000
00091.jpg
0.52595	-0.12651	-0.84105	-0.23111
-0.10913	0.97066	-0.21425	1.27325
0.84349	0.20447	0.49671	-2.45720
0.00000	0.00000	0.00000	1.00000
00092.jpg
0.55727	-0.27590	-0.78315	-0.36407
-0.11369	0.90894	-0.40112	1.63508
0.82251	0.31257	0.47516	-2.46483
0.00000	0.00000	0.00000	1.00000
00093.jpg
0.72531	-0.12216	-0.67749	-0.56333
-0.11552	0.94858	-0.29471	1.67742
0.67866	0.29202	0.67390	-2.62807
0.00000	0.00000	0.00000	1.00000
00094.jpg
0.77025	-0.12855	-0.62465	-0.76483
-0.07940	0.95252	-0.29394	1.67564
0.63278	0.27601	0.72347	-2.41010
0.00000	0.00000	0.00000	1.00000
00095.jpg
0.61543	-0.22696	-0.75481	-0.89713
-0.07854	0.93522	-0.34524	1.66699
0.78427	0.27176	0.55774	-2.06372
0.00000	0.00000	0.00000	1.00000
00096.jpg
0.31843	-0.38128	-0.86789	-0.73871
-0.04497	0.90844	-0.41560	1.66109
0.94688	0.17137	0.27213	-1.93804
0.00000	0.00000	0.00000	1.00000
00097.jpg
0.34545	-0.36703	-0.86369	-0.64416
-0.08124	0.90519	-0.41716	1.66526
0.93491	0.21428	0.28288	-1.92991
0.00000	0.00000	0.00000	1.00000
00098.jpg
0.44816	-0.35886	-0.81876	-0.46595
-0.04122	0.90662	-0.41993	1.65064
0.89300	0.22195	0.39152	-1.67786
0.00000	0.00000	0.00000	1.00000
00099.jpg
0.22203	-0.47715	-0.85031	-0.37033
-0.03276	0.86794	-0.49559	1.65384
0.97449	0.13789	0.17708	-1.41796
0.00000	0.00000	0.00000	1.00000
00100.jpg
-0.17860	-0.43335	-0.88335	-0.11886
-0.07086	0.90112	-0.42774	1.66094
0.98137	-0.01380	-0.19165	-1.16984
0.00000	0.00000	0.00000	1.00000
00101.jpg
-0.50967	-0.39952	-0.76199	0.10361
-0.04853	0.89758	-0.43816	1.66614
0.85900	-0.18634	-0.47686	-1.16768
0.00000	0.00000	0.00000	1.00000
00102.jpg
-0.09827	-0.36765	-0.92476	0.20426
-0.11540	0.92719	-0.35636	1.67827
0.98845	0.07169	-0.13354	-1.41084
0.00000	0.00000	0.00000	1.00000
00103.jpg
0.08351	-0.35244	-0.93210	0.21342
-0.08945	0.92894	-0.35926	1.67540
0.99248	0.11337	0.04605	-1.48722
0.00000	0.00000	0.00000	1.00000
00104.jpg
0.22117	-0.38201	-0.89730	0.19320
-0.09521	0.90724	-0.40970	1.66224
0.97058	0.17605	0.16428	-1.47000
0.00000	0.00000	0.00000	1.00000
00105.jpg
0.03485	-0.36742	-0.92940	0.32156
-0.06380	0.92725	-0.36896	1.64883
0.99735	0.07215	0.00887	-1.22158
0.00000	0.00000	0.00000	1.00000
00106.jpg
0.05655	-0.37928	-0.92355	0.43478
-0.10418	0.91774	-0.38327	1.65873
0.99295	0.11789	0.01239	-1.27611
0.00000	0.00000	0.00000	1.00000
00107.jpg
0.12770	-0.35295	-0.92689	0.43645
-0.09697	0.92562	-0.36582	1.66119
0.98706	0.13659	0.08397	-1.35814
0.00000	0.00000	0.00000	1.00000
00108.jpg
0.14201	-0.40194	-0.90459	0.37374
-0.07531	0.90681	-0.41475	1.65740
0.98700	0.12702	0.09850	-1.09576
0.00000	0.00000	0.00000	1.00000
00109.jpg
-0.04592	-0.44312	-0.89529	0.27270
-0.09517	0.89409	-0.43765	1.65555
0.99440	0.06511	-0.08323	-0.89752
0.00000	0.00000	0.00000	1.00000
00110.jpg
-0.25809	-0.42468	-0.86778	0.26538
-0.07039	0.90409	-0.42151	1.64854
0.96355	-0.04771	-0.26323	-0.67397
0.00000	0.00000	0.00000	1.00000
00111.jpg
-0.24097	-0.45687	-0.85627	0.05008
-0.07662	0.88847	-0.45249	1.65346
0.96750	-0.04342	-0.24910	-0.74136
0.00000	0.00000	0.00000	1.00000
00112.jpg
-0.49353	-0.40932	-0.76739	-0.23052
-0.03233	0.89036	-0.45411	1.65270
0.86913	-0.19931	-0.45265	-0.69817
0.00000	0.00000	0.00000	1.00000
00113.jpg
-0.56269	-0.39853	-0.72426	-0.44337
0.00267	0.87524	-0.48368	1.65212
0.82666	-0.27410	-0.49143	-0.60680
0.00000	0.00000	0.00000	1.00000
00114.jpg
-0.63700	-0.36968	-0.67644	-0.74071
0.01505	0.87138	-0.49038	1.64924
0.77072	-0.32256	-0.54950	-0.34353
0.00000	0.00000	0.00000	1.00000
00115.jpg
-0.82826	-0.29580	-0.47591	-1.02071
-0.06675	0.89535	-0.44033	1.66284
0.55636	-0.33294	-0.76133	-0.05028
0.00000	0.00000	0.00000	1.00000
00116.jpg
-0.92411	-0.23592	-0.30060	-1.21297
-0.08739	0.89629	-0.43477	1.66691
0.37200	-0.37551	-0.84889	0.21265
0.00000	0.00000	0.00000	1.00000
00117.jpg
-0.98177	-0.16414	-0.09587	-1.61615
-0.10533	0.88958	-0.44447	1.64383
0.15824	-0.42627	-0.89065	0.47510
0.00000	0.00000	0.00000	1.00000
00118.jpg
-0.99851	-0.05425	0.00661	-1.99657
-0.05194	0.90428	-0.42377	1.65016
0.01701	-0.42348	-0.90575	0.69262
0.00000	0.00000	0.00000	1.00000
00119.jpg
-0.99582	-0.04558	0.07911	-2.22312
-0.07503	0.90229	-0.42456	1.66270
-0.05202	-0.42872	-0.90194	0.91234
0.00000	0.00000	0.00000	1.00000
00120.jpg
-0.99415	0.03024	0.10373	-2.51643
-0.00967	0.93129	-0.36416	1.66842
-0.10762	-0.36303	-0.92554	0.99425
0.00000	0.00000	0.00000	1.00000
00121.jpg
-0.98436	0.03063	0.17351	-2.53563
-0.04224	0.91504	-0.40115	1.66795
-0.17106	-0.40220	-0.89943	1.12841
0.00000	0.00000	0.00000	1.00000
00122.jpg
-0.96123	0.07049	0.26659	-2.66776
-0.03412	0.92894	-0.36865	1.67099
-0.27363	-0.36346	-0.89052	1.15791
0.00000	0.00000	0.00000	1.00000
00123.jpg
-0.95749	0.03586	0.28622	-2.90853
-0.05989	0.94591	-0.31884	1.67619
-0.28217	-0.32243	-0.90356	1.17772
0.00000	0.00000	0.00000	1.00000
00124.jpg
-0.99667	-0.02513	0.07760	-3.12126
-0.05180	0.92989	-0.36417	1.66861
-0.06301	-0.36698	-0.92809	1.07235
0.00000	0.00000	0.00000	1.00000
00125.jpg
-0.96380	0.00759	0.26653	-3.02052
-0.08625	0.93698	-0.33856	1.66766
-0.25231	-0.34929	-0.90241	0.95824
0.00000	0.00000	0.00000	1.00000
00126.jpg
-0.91680	0.04684	0.39659	-2.70177
-0.09656	0.93764	-0.33394	1.66705
-0.38750	-0.34445	-0.85510	0.66252
0.00000	0.00000	0.00000	1.00000
00127.jpg
-0.94028	0.04747	0.33707	-2.41274
-0.08686	0.92399	-0.37241	1.66551
-0.32912	-0.37945	-0.86469	0.27904
0.00000	0.00000	0.00000	1.00000
00128.jpg
-0.96317	0.03503	0.26661	-2.27881
-0.08564	0.89989	-0.42763	1.65758
-0.25490	-0.43472	-0.86374	-0.13321
0.00000	0.00000	0.00000	1.00000
00129.jpg
-0.86598	0.21300	0.45246	-2.50088
-0.02193	0.88771	-0.45988	1.64730
-0.49960	-0.40817	-0.76407	-0.54080
0.00000	0.00000	0.00000	1.00000
00130.jpg
-0.66724	0.33964	0.66290	-2.81085
-0.04859	0.86824	-0.49376	1.64925
-0.74326	-0.36166	-0.56282	-0.89624
0.00000	0.00000	0.00000	1.00000
00131.jpg
-0.34046	0.41046	0.84594	-2.92597
-0.03956	0.89263	-0.44904	1.65792
-0.93943	-0.18634	-0.28766	-1.18767
0.00000	0.00000	0.00000	1.00000
00132.jpg
0.03906	0.41245	0.91014	-3.29494
-0.08212	0.90908	-0.40844	1.65479
-0.99586	-0.05878	0.06938	-1.39529
0.00000	0.00000	0.00000	1.00000
00133.jpg
0.15882	0.39289	0.90577	-3.40660
-0.07886	0.91953	-0.38503	1.65986
-0.98415	-0.01028	0.17703	-1.48142
0.00000	0.00000	0.00000	1.00000
00134.jpg
-0.05250	0.24440	0.96825	-3.23603
-0.10594	0.96276	-0.24876	1.31013
-0.99299	-0.11564	-0.02466	-1.33174
0.00000	0.00000	0.00000	1.00000
00135.jpg
0.03871	0.10668	0.99354	-3.19304
0.00739	0.99423	-0.10705	0.92423
-0.99922	0.01149	0.03770	-1.28475
0.00000	0.00000	0.00000	1.00000
00136.jpg
-0.02926	0.15921	0.98681	-3.17740
0.02803	0.98698	-0.15841	1.00180
-0.99918	0.02303	-0.03334	-1.11541
0.00000	0.00000	0.00000	1.00000
00137.jpg
-0.33298	0.47238	0.81608	-2.89044
0.03355	0.87086	-0.49039	1.20566
-0.94234	-0.13591	-0.30582	-0.96981
0.00000	0.00000	0.00000	1.00000
00138.jpg
-0.43781	0.69498	0.57037	-2.72867
0.15799	0.68400	-0.71217	1.40410
-0.88508	-0.22168	-0.40926	-0.63882
0.00000	0.00000	0.00000	1.00000
00139.jpg
-0.82270	0.37223	0.42966	-2.52032
-0.04465	0.71117	-0.70160	1.56052
-0.56672	-0.59640	-0.56846	-0.61358
0.00000	0.00000	0.00000	1.00000
00140.jpg
-0.98029	0.04782	0.19168	-2.29640
-0.08784	0.76356	-0.63973	1.61293
-0.17695	-0.64396	-0.74432	-0.36350
0.00000	0.00000	0.00000	1.00000
00141.jpg
-0.99347	-0.07568	0.08543	-2.21263
-0.11168	0.79882	-0.59112	1.63734
-0.02351	-0.59679	-0.80205	-0.08322
0.00000	0.00000	0.00000	1.00000
00142.jpg
-0.96469	-0.20607	-0.16405	-1.80535
-0.08985	0.84292	-0.53049	1.64172
0.24759	-0.49702	-0.83167	0.15661
0.00000	0.00000	0.00000	1.00000
00143.jpg
-0.81235	-0.35387	-0.46353	-1.49254
-0.08562	0.85861	-0.50543	1.64262
0.57685	-0.37090	-0.72779	-0.00701
0.00000	0.00000	0.00000	1.00000
00144.jpg
-0.61962	-0.47744	-0.62299	-1.12064
-0.10595	0.83733	-0.53633	1.63340
0.77772	-0.26631	-0.56942	-0.28063
0.00000	0.00000	0.00000	1.00000
00145.jpg
-0.15012	-0.56134	-0.81386	-0.88843
-0.11748	0.82748	-0.54907	1.63509
0.98166	0.01318	-0.19016	-0.63048
0.00000	0.00000	0.00000	1.00000
00146.jpg
-0.07291	-0.53827	-0.83961	-0.62366
-0.12157	0.84037	-0.52820	1.64875
0.98990	0.06356	-0.12671	-0.83231
0.00000	0.00000	0.00000	1.00000
00147.jpg
0.15367	-0.41670	-0.89596	-0.46501
-0.09010	0.89705	-0.43266	1.65781
0.98401	0.14721	0.10031	-1.22044
0.00000	0.00000	0.00000	1.00000
00148.jpg
0.24661	-0.43151	-0.86775	-0.69790
-0.09254	0.88082	-0.46431	1.65318
0.96469	0.19480	0.17729	-1.56154
0.00000	0.00000	0.00000	1.00000
00149.jpg
0.69011	-0.25326	-0.67795	-0.76098
-0.10322	0.89274	-0.43858	1.65223
0.71631	0.37265	0.58994	-1.96241
0.00000	0.00000	0.00000	1.00000
00150.jpg
0.89109	-0.12678	-0.43575	-0.80618
-0.10299	0.87864	-0.46624	1.65218
0.44198	0.46034	0.76990	-2.29519
0.00000	0.00000	0.00000	1.00000
00151.jpg
0.91258	-0.11650	-0.39195	-0.86180
-0.07158	0.89824	-0.43364	1.64854
0.40258	0.42379	0.81138	-2.38678
0.00000	0.00000	0.00000	1.00000
00152.jpg
-0.71265	-0.00036	-0.70152	-0.17714
-0.00794	0.99994	0.00756	1.04964
0.70148	0.01096	-0.71261	-0.15698
0.00000	0.00000	0.00000	1.00000
00153.jpg
-0.71841	-0.00085	-0.69562	-0.18182
-0.00433	0.99999	0.00326	1.04985
0.69560	0.00535	-0.71841	-0.16156
0.00000	0.00000	0.00000	1.00000
00154.jpg
-0.71842	-0.00072	-0.69561	-0.18177
-0.00433	0.99998	0.00344	1.05006
0.69560	0.00548	-0.71841	-0.16148
0.00000	0.00000	0.00000	1.00000
00155.jpg
-0.71840	-0.00087	-0.69563	-0.18193
-0.00428	0.99999	0.00317	1.04997
0.69562	0.00525	-0.71839	-0.16174
0.00000	0.00000	0.00000	1.00000
00156.jpg
-0.71839	-0.00080	-0.69564	-0.18188
-0.00426	0.99999	0.00325	1.04989
0.69563	0.00529	-0.71838	-0.16169
0.00000	0.00000	0.00000	1.00000
00157.jpg
-0.71839	-0.00104	-0.69564	-0.18167
-0.00422	0.99999	0.00285	1.04969
0.69563	0.00498	-0.71838	-0.16176
0.00000	0.00000	0.00000	1.00000
00158.jpg
-0.71836	-0.00037	-0.69567	-0.18159
-0.00423	0.99998	0.00383	1.05002
0.69566	0.00569	-0.71835	-0.16151
0.00000	0.00000	0.00000	1.00000
00159.jpg
-0.71831	-0.00044	-0.69572	-0.18154
-0.00421	0.99998	0.00371	1.04980
0.69571	0.00560	-0.71830	-0.16171
0.00000	0.00000	0.00000	1.00000
00000.jpg
-0.01459	-0.27821	-0.96041	-0.05090
-0.02078	0.96039	-0.27789	1.62568
0.99968	0.01591	-0.01979	-0.02198
0.00000	0.00000	0.00000	1.00000
00001.jpg
0.33625	-0.51520	-0.78835	-0.08269
0.03560	0.84345	-0.53603	1.58700
0.94110	0.15217	0.30195	-0.01829
0.00000	0.00000	0.00000	1.00000
00002.jpg
0.36906	-0.59393	-0.71487	-0.48241
0.07601	0.78588	-0.61369	1.45490
0.92629	0.17214	0.33518	-0.03489
0.00000	0.00000	0.00000	1.00000
00003.jpg
0.63641	-0.43939	-0.63398	-0.39748
0.03139	0.83597	-0.54787	1.54623
0.77071	0.32877	0.54581	-0.00380
0.00000	0.00000	0.00000	1.00000
00004.jpg
0.66091	-0.38353	-0.64506	-0.36727
0.00149	0.86022	-0.50993	1.56219
0.75047	0.33605	0.56909	0.00109
0.00000	0.00000	0.00000	1.00000
00005.jpg
0.36143	-0.41870	-0.83310	-0.28213
-0.07772	0.87687	-0.47441	1.58204
0.92915	0.23622	0.28439	-0.07580
0.00000	0.00000	0.00000	1.00000
00006.jpg
0.71592	-0.40082	-0.57167	-0.42355
0.02232	0.83152	-0.55505	1.57650
0.69783	0.38461	0.60424	-0.18836
0.00000	0.00000	0.00000	1.00000
00007.jpg
0.78206	-0.36174	-0.50746	-0.40772
0.01875	0.82758	-0.56104	1.57614
0.62292	0.42925	0.65400	-0.17896
0.00000	0.00000	0.00000	1.00000
00008.jpg
0.82491	-0.33915	-0.45221	-0.43423
0.00405	0.80353	-0.59526	1.55473
0.56524	0.48921	0.66421	-0.16462
0.00000	0.00000	0.00000	1.00000
00009.jpg
0.99589	-0.05930	0.06839	-0.57289
0.08840	0.79979	-0.59373	1.56720
-0.01949	0.59734	0.80175	-0.16415
0.00000	0.00000	0.00000	1.00000
00010.jpg
0.81819	-0.25876	-0.51344	-0.26099
-0.04987	0.85770	-0.51173	1.57847
0.57279	0.44430	0.68885	-0.04898
0.00000	0.00000	0.00000	1.00000
00011.jpg
0.19834	-0.46100	-0.86495	-0.15172
-0.12485	0.86341	-0.48881	1.58123
0.97215	0.20494	0.11369	0.13850
0.00000	0.00000	0.00000	1.00000
00012.jpg
0.73547	-0.37372	-0.56517	-0.29178
0.00232	0.83551	-0.54947	1.57995
0.67755	0.40280	0.61536	-0.02587
0.00000	0.00000	0.00000	1.00000
00013.jpg
0.95479	0.04350	0.29407	-0.55291
0.14583	0.79349	-0.59086	1.56713
-0.25904	0.60703	0.75127	-0.04318
0.00000	0.00000	0.00000	1.00000
00014.jpg
0.51553	0.25806	0.81709	-0.71992
0.34747	0.80869	-0.47464	1.56764
-0.78326	0.52861	0.32723	0.08468
0.00000	0.00000	0.00000	1.00000
00015.jpg
0.18409	0.46113	0.86802	-0.68297
0.66366	0.59310	-0.45583	1.47085
-0.72503	0.65999	-0.19685	0.27582
0.00000	0.00000	0.00000	1.00000
00016.jpg
0.79215	0.12474	0.59745	-0.59230
-0.16619	0.98599	0.01449	1.35733
-0.58727	-0.11077	0.80178	-0.14159
0.00000	0.00000	0.00000	1.00000
00017.jpg
0.81459	0.11471	0.56859	-0.60531
-0.15429	0.98779	0.02177	1.38244
-0.55915	-0.10547	0.82233	-0.15072
0.00000	0.00000	0.00000	1.00000
00018.jpg
0.99988	0.00556	0.01452	0.04174
-0.00673	0.99665	0.08152	1.74390
-0.01402	-0.08160	0.99657	-0.09385
0.00000	0.00000	0.00000	1.00000
00019.jpg
0.96368	0.15589	0.21686	0.09077
-0.00558	0.82353	-0.56724	1.64856
-0.26702	0.54543	0.79449	-0.03375
0.00000	0.00000	0.00000	1.00000
00020.jpg
0.97120	0.15241	0.18313	0.08421
0.00255	0.76193	-0.64766	1.63603
-0.23824	0.62947	0.73960	-0.00874
0.00000	0.00000	0.00000	1.00000
00021.jpg
0.97214	0.13457	0.19191	0.08352
0.02380	0.75786	-0.65199	1.62880
-0.23318	0.63839	0.73354	0.01986
0.00000	0.00000	0.00000	1.00000
00022.jpg
0.96875	0.15857	0.19071	0.09690
0.00642	0.75263	-0.65841	1.56910
-0.24794	0.63906	0.72810	0.12411
0.00000	0.00000	0.00000	1.00000
00023.jpg
0.75663	0.32640	0.56655	0.10881
0.11177	0.78917	-0.60392	1.65566
-0.64422	0.52026	0.56063	-0.05138
0.00000	0.00000	0.00000	1.00000
00024.jpg
0.61525	0.41090	0.67277	0.04314
0.09314	0.80955	-0.57962	1.66499
-0.78281	0.41927	0.45981	-0.07505
0.00000	0.00000	0.00000	1.00000
00025.jpg
0.91723	0.33614	0.21379	0.25310
-0.20793	0.86173	-0.46280	1.65188
-0.33979	0.38004	0.86029	-0.24649
0.00000	0.00000	0.00000	1.00000
00026.jpg
0.87778	0.10585	0.46722	0.04133
0.13875	0.87731	-0.45943	1.67232
-0.45853	0.46811	0.75540	-0.16020
0.00000	0.00000	0.00000	1.00000
00027.jpg
0.18012	0.45630	0.87141	0.01665
0.19977	0.85046	-0.48662	1.66340
-0.96314	0.26173	0.06203	0.05070
0.00000	0.00000	0.00000	1.00000
00028.jpg
0.99908	-0.03872	0.01847	0.10091
0.04116	0.98653	-0.15834	1.72442
-0.01209	0.15896	0.98721	-0.14178
0.00000	0.00000	0.00000	1.00000
00029.jpg
0.99835	0.00330	0.05739	0.12259
0.00966	0.97452	-0.22410	1.71392
-0.05667	0.22429	0.97287	-0.13701
0.00000	0.00000	0.00000	1.00000
00030.jpg
0.31726	0.04179	0.94742	0.26977
-0.03955	0.99874	-0.03081	1.73821
-0.94751	-0.02770	0.31852	-0.19443
0.00000	0.00000	0.00000	1.00000
00031.jpg
0.28161	-0.00419	0.95952	0.48339
0.01146	0.99993	0.00100	1.74274
-0.95946	0.01072	0.28164	-0.30857
0.00000	0.00000	0.00000	1.00000
00032.jpg
0.55499	0.07171	0.82876	0.42621
0.03670	0.99320	-0.11052	1.73504
-0.83105	0.09175	0.54858	-0.21406
0.00000	0.00000	0.00000	1.00000
00033.jpg
0.36054	0.03048	0.93224	0.46004
0.03806	0.99815	-0.04736	1.73939
-0.93197	0.05256	0.35872	-0.25437
0.00000	0.00000	0.00000	1.00000
00034.jpg
0.53478	-0.11869	0.83662	0.56221
0.06879	0.99292	0.09689	1.75657
-0.84219	0.00574	0.53915	-0.28570
0.00000	0.00000	0.00000	1.00000
00035.jpg
0.10956	-0.17700	-0.97809	0.38582
0.04276	0.98395	-0.17327	1.72261
0.99306	-0.02284	0.11537	-0.34852
0.00000	0.00000	0.00000	1.00000
00036.jpg
0.99531	0.01669	0.09530	0.01840
0.00733	0.96917	-0.24630	1.63212
-0.09647	0.24584	0.96450	-0.10850
0.00000	0.00000	0.00000	1.00000
00037.jpg
0.99906	0.03359	-0.02754	0.02678
-0.04232	0.89570	-0.44264	1.60529
0.00980	0.44339	0.89627	-0.11217
0.00000	0.00000	0.00000	1.00000
00038.jpg
0.99359	0.09328	0.06386	0.09219
-0.04466	0.84283	-0.53632	1.57844
-0.10385	0.53003	0.84159	-0.10524
0.00000	0.00000	0.00000	1.00000
00039.jpg
0.67122	0.46194	0.57972	0.18496
0.07844	0.73342	-0.67523	1.55058
-0.73710	0.49870	0.45605	-0.15859
0.00000	0.00000	0.00000	1.00000
00040.jpg
0.83011	0.31861	0.45760	0.16145
-0.06931	0.87326	-0.48230	1.58347
-0.55327	0.36865	0.74699	-0.11070
0.00000	0.00000	0.00000	1.00000
00041.jpg
0.82411	0.31411	0.47136	0.17002
0.02056	0.81502	-0.57907	1.57683
-0.56606	0.48691	0.66520	-0.10214
0.00000	0.00000	0.00000	1.00000
00042.jpg
0.83798	0.26192	0.47873	0.17201
0.03234	0.85190	-0.52271	1.58613
-0.54474	0.45351	0.70540	-0.10451
0.00000	0.00000	0.00000	1.00000
00043.jpg
0.79224	0.31007	0.52556	0.18586
0.01974	0.84780	-0.52994	1.58647
-0.60990	0.43021	0.66554	-0.11877
0.00000	0.00000	0.00000	1.00000
00044.jpg
0.73165	0.31372	0.60521	0.17783
0.09352	0.83323	-0.54497	1.58199
-0.67524	0.45532	0.58029	-0.10882
0.00000	0.00000	0.00000	1.00000
00045.jpg
0.69923	0.36022	0.61751	0.20723
0.07507	0.82200	-0.56452	1.58006
-0.71094	0.44108	0.54773	-0.12421
0.00000	0.00000	0.00000	1.00000
00046.jpg
0.71321	0.38747	0.58412	0.21858
0.10792	0.76270	-0.63769	1.56626
-0.69260	0.51784	0.50215	-0.12112
0.00000	0.00000	0.00000	1.00000
00047.jpg
0.67207	0.43006	0.60280	0.22945
0.10929	0.74754	-0.65517	1.56185
-0.73238	0.50620	0.45540	-0.12686
0.00000	0.00000	0.00000	1.00000
00048.jpg
0.75157	0.33410	0.56879	0.21305
0.09433	0.79895	-0.59395	1.56836
-0.65288	0.50005	0.56895	-0.10460
0.00000	0.00000	0.00000	1.00000
00049.jpg
0.99781	0.00277	0.06609	0.13402
0.03867	0.78619	-0.61678	1.55874
-0.05367	0.61798	0.78436	-0.01213
0.00000	0.00000	0.00000	1.00000
00050.jpg
0.76580	-0.35089	-0.53891	0.21773
-0.02856	0.81864	-0.57360	1.57280
0.64244	0.45465	0.61689	0.03466
0.00000	0.00000	0.00000	1.00000
00051.jpg
0.52089	-0.13519	-0.84285	0.23121
-0.06058	0.97904	-0.19447	1.62961
0.85147	0.15236	0.50178	0.01060
0.00000	0.00000	0.00000	1.00000
00052.jpg
0.02707	-0.31589	-0.94841	0.22809
-0.08153	0.94490	-0.31705	1.62042
0.99630	0.08591	-0.00017	-0.04099
0.00000	0.00000	0.00000	1.00000
00053.jpg
0.72614	-0.37604	-0.57560	0.25825
0.01779	0.84717	-0.53102	1.59003
0.68732	0.37536	0.62185	0.04024
0.00000	0.00000	0.00000	1.00000
00054.jpg
0.35748	-0.34418	-0.86819	0.27015
-0.09441	0.91153	-0.40024	1.60697
0.92914	0.22505	0.29336	-0.01660
0.00000	0.00000	0.00000	1.00000
00055.jpg
-0.00044	-0.31778	-0.94816	0.34106
-0.17753	0.93313	-0.31266	1.60280
0.98412	0.16819	-0.05683	0.01886
0.00000	0.00000	0.00000	1.00000
00056.jpg
0.03905	-0.33017	-0.94311	0.35592
-0.16732	0.92835	-0.33193	1.59826
0.98513	0.17076	-0.01899	0.03240
0.00000	0.00000	0.00000	1.00000
00057.jpg
0.00733	-0.13343	-0.99103	0.33531
-0.16132	0.97792	-0.13285	1.62765
0.98687	0.16085	-0.01436	0.01748
0.00000	0.00000	0.00000	1.00000
00058.jpg
0.98263	-0.13619	-0.12607	0.39606
0.09021	0.94419	-0.31682	1.61134
0.16218	0.29995	0.94007	0.10737
0.00000	0.00000	0.00000	1.00000
00059.jpg
-0.04443	-0.19900	-0.97899	0.30190
-0.18332	0.96494	-0.18783	1.62034
0.98205	0.17112	-0.07935	0.01619
0.00000	0.00000	0.00000	1.00000
00060.jpg
0.02173	-0.30054	-0.95352	0.30152
-0.16732	0.93920	-0.29984	1.60666
0.98566	0.16606	-0.02988	0.02813
0.00000	0.00000	0.00000	1.00000
00061.jpg
0.03791	-0.28783	-0.95693	0.34754
-0.20992	0.93396	-0.28924	1.60145
0.97698	0.21185	-0.02501	0.04449
0.00000	0.00000	0.00000	1.00000
00062.jpg
0.12047	-0.29911	-0.94658	0.35519
-0.22630	0.92015	-0.31956	1.59126
0.96658	0.25271	0.04316	0.07072
0.00000	0.00000	0.00000	1.00000
00063.jpg
0.12792	-0.32016	-0.93869	0.33822
-0.20497	0.91749	-0.34087	1.59459
0.97037	0.23601	0.05174	0.05306
0.00000	0.00000	0.00000	1.00000
00064.jpg
0.77281	-0.20862	-0.59936	0.32866
-0.05182	0.92053	-0.38722	1.60638
0.63252	0.33031	0.70059	0.05272
0.00000	0.00000	0.00000	1.00000
00065.jpg
0.95158	-0.04621	-0.30392	0.32071
-0.07122	0.92860	-0.36419	1.61733
0.29905	0.36820	0.88034	0.02464
0.00000	0.00000	0.00000	1.00000
00066.jpg
0.24546	0.13365	0.96015	0.42451
0.00658	0.99020	-0.13952	1.64388
-0.96938	0.04056	0.24217	-0.15870
0.00000	0.00000	0.00000	1.00000
00067.jpg
0.51177	0.31730	0.79839	0.39099
0.00533	0.92811	-0.37227	1.62055
-0.85911	0.19477	0.47328	-0.14893
0.00000	0.00000	0.00000	1.00000
00068.jpg
0.76396	0.40360	0.50346	0.43458
-0.01032	0.78779	-0.61586	1.57973
-0.64518	0.46529	0.60601	-0.07681
0.00000	0.00000	0.00000	1.00000
00069.jpg
0.28615	0.63405	0.71840	0.57242
0.15117	0.71049	-0.68728	1.55326
-0.94618	0.30527	0.10745	-0.16383
0.00000	0.00000	0.00000	1.00000
00070.jpg
0.98627	0.09105	-0.13780	0.38588
-0.15674	0.77901	-0.60711	1.57639
0.05206	0.62037	0.78258	0.01129
0.00000	0.00000	0.00000	1.00000
00071.jpg
0.97769	-0.12711	-0.16723	0.15921
-0.01905	0.73920	-0.67322	1.49471
0.20919	0.66138	0.72029	0.24350
0.00000	0.00000	0.00000	1.00000
00072.jpg
0.99118	-0.08986	-0.09745	0.15150
-0.00451	0.71187	-0.70230	1.48846
0.13248	0.69654	0.70518	0.27030
0.00000	0.00000	0.00000	1.00000
00073.jpg
0.72389	0.39082	0.56854	0.35062
0.08886	0.76440	-0.63860	1.56666
-0.68417	0.51279	0.51861	0.04090
0.00000	0.00000	0.00000	1.00000
00074.jpg
0.25297	0.55146	0.79492	0.37502
0.05938	0.81125	-0.58168	1.57827
-0.96565	0.19435	0.17247	-0.00279
0.00000	0.00000	0.00000	1.00000
00075.jpg
0.51875	0.48473	0.70423	0.39140
0.01703	0.81770	-0.57539	1.57882
-0.85476	0.31048	0.41593	-0.03823
0.00000	0.00000	0.00000	1.00000
00076.jpg
0.84965	0.32714	0.41362	0.47269
-0.03023	0.81326	-0.58112	1.57558
-0.52648	0.48124	0.70087	-0.03105
0.00000	0.00000	0.00000	1.00000
00077.jpg
0.80380	0.34428	0.48516	0.52240
0.02472	0.79549	-0.60546	1.56606
-0.59438	0.49866	0.63091	-0.06416
0.00000	0.00000	0.00000	1.00000
00078.jpg
0.78644	0.36890	0.49541	0.56113
0.00801	0.79590	-0.60537	1.56328
-0.61762	0.48006	0.62297	-0.06144
0.00000	0.00000	0.00000	1.00000
00079.jpg
0.77849	0.37736	0.50155	0.55805
0.00598	0.79459	-0.60712	1.56310
-0.62763	0.47564	0.61632	-0.05941
0.00000	0.00000	0.00000	1.00000
00080.jpg
0.92309	0.26193	0.28160	0.56332
-0.02893	0.77743	-0.62830	1.55783
-0.38349	0.57184	0.72522	-0.07201
0.00000	0.00000	0.00000	1.00000
00081.jpg
0.99302	0.00282	-0.11795	0.61807
-0.07661	0.77571	-0.62642	1.56105
0.08973	0.63108	0.77051	-0.03493
0.00000	0.00000	0.00000	1.00000
00082.jpg
0.70909	-0.08182	-0.70035	0.82163
-0.37162	0.80074	-0.46981	1.53131
0.59924	0.59340	0.53739	0.02598
0.00000	0.00000	0.00000	1.00000
00083.jpg
0.72792	-0.16595	-0.66528	0.80144
-0.21191	0.86832	-0.44846	1.55330
0.65210	0.46742	0.59690	-0.01522
0.00000	0.00000	0.00000	1.00000
00084.jpg
0.97594	-0.11253	-0.18673	0.61031
-0.00224	0.85127	-0.52472	1.57495
0.21801	0.51252	0.83054	-0.06958
0.00000	0.00000	0.00000	1.00000
00085.jpg
0.90776	0.23019	0.35069	0.44048
0.01239	0.82092	-0.57090	1.57322
-0.41931	0.52259	0.74235	-0.04139
0.00000	0.00000	0.00000	1.00000
00086.jpg
0.68265	0.39017	0.61787	0.34810
0.02101	0.83470	-0.55030	1.57381
-0.73044	0.38864	0.56161	0.02031
0.00000	0.00000	0.00000	1.00000
00087.jpg
0.35698	0.44794	0.81970	0.26587
0.14239	0.84117	-0.52168	1.56426
-0.92320	0.30295	0.23650	0.12682
0.00000	0.00000	0.00000	1.00000
00088.jpg
0.16552	0.21171	0.96321	0.22492
0.11344	0.96612	-0.23184	1.47809
-0.97966	0.14764	0.13589	0.14267
0.00000	0.00000	0.00000	1.00000
00089.jpg
0.29236	-0.01820	0.95614	0.16673
-0.00914	0.99972	0.02183	1.35715
-0.95627	-0.01512	0.29211	0.03634
0.00000	0.00000	0.00000	1.00000
00090.jpg
0.31389	-0.21384	0.92507	0.19820
-0.07013	0.96642	0.24720	1.25340
-0.94687	-0.14246	0.28835	0.02518
0.00000	0.00000	0.00000	1.00000
00091.jpg
0.35006	0.52269	0.77733	0.28817
-0.09962	0.84591	-0.52394	1.55356
-0.93141	0.10597	0.34819	0.05749
0.00000	0.00000	0.00000	1.00000
00092.jpg
0.92914	0.28876	0.23092	0.48017
-0.08195	0.76985	-0.63294	1.55110
-0.36054	0.56916	0.73896	-0.01161
0.00000	0.00000	0.00000	1.00000
00093.jpg
0.86185	-0.23349	-0.45022	0.66380
-0.09501	0.79767	-0.59556	1.56195
0.49819	0.55606	0.66529	-0.02211
0.00000	0.00000	0.00000	1.00000
00094.jpg
0.39388	-0.44144	-0.80622	0.78829
-0.10676	0.84921	-0.51715	1.57409
0.91294	0.28977	0.28736	0.06969
0.00000	0.00000	0.00000	1.00000
00095.jpg
-0.01200	-0.29176	-0.95642	0.87004
-0.12360	0.94958	-0.28812	1.51437
0.99226	0.11476	-0.04746	0.17593
0.00000	0.00000	0.00000	1.00000
00096.jpg
-0.03801	0.03045	-0.99881	0.86424
-0.13087	0.99077	0.03519	1.36049
0.99067	0.13206	-0.03368	0.14765
0.00000	0.00000	0.00000	1.00000
00097.jpg
0.06904	0.12748	-0.98943	0.86724
-0.10539	0.98718	0.11984	1.34800
0.99203	0.09600	0.08159	0.08733
0.00000	0.00000	0.00000	1.00000
00098.jpg
0.38902	-0.46406	-0.79581	0.77865
-0.13327	0.82642	-0.54705	1.56609
0.91154	0.31887	0.25965	0.05971
0.00000	0.00000	0.00000	1.00000
00099.jpg
0.93643	-0.27077	-0.22311	0.53395
0.05016	0.73271	-0.67869	1.56507
0.34725	0.62435	0.69972	-0.01770
0.00000	0.00000	0.00000	1.00000
00100.jpg
0.75152	0.36568	0.54908	0.34599
0.09734	0.76174	-0.64053	1.57031
-0.65249	0.53482	0.53687	0.00467
0.00000	0.00000	0.00000	1.00000
00101.jpg
0.30822	0.48750	0.81691	0.13401
0.09448	0.83879	-0.53620	1.58148
-0.94661	0.24245	0.21247	0.08996
0.00000	0.00000	0.00000	1.00000
00102.jpg
-0.14219	0.53907	0.83017	0.16161
0.33951	0.81438	-0.47066	1.53555
-0.92980	0.21493	-0.29881	0.30808
0.00000	0.00000	0.00000	1.00000
00103.jpg
-0.34270	0.58002	0.73901	0.21310
0.49224	0.78088	-0.38462	1.48766
-0.80016	0.23196	-0.55311	0.39350
0.00000	0.00000	0.00000	1.00000
00104.jpg
-0.10548	0.52428	0.84499	0.18307
0.25117	0.83623	-0.48748	1.54621
-0.96218	0.16082	-0.21989	0.25430
0.00000	0.00000	0.00000	1.00000
00105.jpg
0.57892	0.49483	0.64807	0.26784
0.05427	0.76966	-0.63614	1.56598
-0.81358	0.40344	0.41872	0.02718
0.00000	0.00000	0.00000	1.00000
00106.jpg
0.99170	0.03130	0.12468	0.43395
0.04703	0.81429	-0.57855	1.57308
-0.11963	0.57962	0.80606	-0.09485
0.00000	0.00000	0.00000	1.00000
00107.jpg
0.87333	-0.27241	-0.40385	0.61773
0.02020	0.84856	-0.52871	1.58921
0.48671	0.45358	0.74658	-0.14616
0.00000	0.00000	0.00000	1.00000
00108.jpg
0.53917	-0.33436	-0.77298	0.82221
-0.05299	0.90253	-0.42736	1.59955
0.84053	0.27138	0.46890	-0.10850
0.00000	0.00000	0.00000	1.00000
00109.jpg
0.28707	-0.28897	-0.91328	0.97438
-0.05565	0.94677	-0.31706	1.59460
0.95629	0.14184	0.25571	-0.01768
0.00000	0.00000	0.00000	1.00000
00110.jpg
0.35978	0.06768	-0.93058	0.88849
-0.03680	0.99762	0.05833	1.35062
0.93231	0.01326	0.36141	-0.01999
0.00000	0.00000	0.00000	1.00000
00111.jpg
0.31509	0.32237	-0.89263	0.88805
0.00171	0.94035	0.34021	1.21553
0.94906	-0.10872	0.29574	-0.02557
0.00000	0.00000	0.00000	1.00000
00112.jpg
0.30763	-0.19814	-0.93065	0.87785
-0.07518	0.96996	-0.23136	1.52693
0.94853	0.14114	0.28349	-0.00991
0.00000	0.00000	0.00000	1.00000
00113.jpg
0.43111	-0.42917	-0.79370	0.79006
-0.09463	0.85328	-0.51279	1.59911
0.89732	0.29617	0.32725	-0.00824
0.00000	0.00000	0.00000	1.00000
00114.jpg
0.49816	-0.55878	-0.66303	0.62698
0.00642	0.76702	-0.64159	1.60943
0.86706	0.31536	0.38569	0.04110
0.00000	0.00000	0.00000	1.00000
00115.jpg
0.68414	-0.35149	-0.63906	0.84318
0.07898	0.90676	-0.41417	1.60758
0.72506	0.23288	0.64812	-0.03473
0.00000	0.00000	0.00000	1.00000
00116.jpg
0.69065	-0.24322	-0.68106	0.97404
-0.00345	0.94063	-0.33942	1.62512
0.72318	0.23677	0.64881	-0.22161
0.00000	0.00000	0.00000	1.00000
00117.jpg
0.59596	-0.29406	-0.74724	1.10841
0.05420	0.94315	-0.32793	1.61774
0.80118	0.15493	0.57802	-0.28098
0.00000	0.00000	0.00000	1.00000
00118.jpg
0.88392	-0.16391	-0.43796	0.95797
0.04453	0.96180	-0.27009	1.63286
0.46550	0.21924	0.85746	-0.25994
0.00000	0.00000	0.00000	1.00000
00119.jpg
0.90256	-0.16092	-0.39937	0.87820
0.07461	0.97195	-0.22303	1.64106
0.42406	0.17150	0.88925	-0.25417
0.00000	0.00000	0.00000	1.00000
00120.jpg
0.78324	-0.21420	-0.58365	0.89573
-0.03385	0.92269	-0.38405	1.62073
0.62079	0.32056	0.71544	-0.19575
0.00000	0.00000	0.00000	1.00000
00121.jpg
0.79545	-0.18406	-0.57740	0.95441
-0.01422	0.94683	-0.32141	1.61620
0.60586	0.26388	0.75054	-0.38060
0.00000	0.00000	0.00000	1.00000
00122.jpg
0.68017	-0.24725	-0.69009	0.98009
-0.07202	0.91430	-0.39857	1.61145
0.72950	0.32080	0.60408	-0.23445
0.00000	0.00000	0.00000	1.00000
00123.jpg
0.77885	0.44404	0.44297	1.13954
0.10238	0.60678	-0.78825	1.52687
-0.61880	0.65928	0.42713	-0.32302
0.00000	0.00000	0.00000	1.00000
00124.jpg
0.70889	-0.17810	-0.68246	1.17606
-0.01531	0.96348	-0.26734	1.60524
0.70515	0.19997	0.68028	-0.50034
0.00000	0.00000	0.00000	1.00000
00125.jpg
0.78277	-0.24995	-0.56992	0.97636
0.10979	0.95690	-0.26887	1.58449
0.61256	0.14789	0.77647	-0.59173
0.00000	0.00000	0.00000	1.00000
00126.jpg
0.85471	-0.17890	-0.48730	1.05965
0.06287	0.96751	-0.24491	1.62198
0.51528	0.17869	0.83819	-0.49931
0.00000	0.00000	0.00000	1.00000
00127.jpg
0.99839	0.01640	0.05423	1.19431
0.00989	0.89201	-0.45191	1.60663
-0.05578	0.45172	0.89042	-0.34923
0.00000	0.00000	0.00000	1.00000
00128.jpg
0.86433	-0.11919	-0.48859	1.11443
-0.02223	0.96150	-0.27389	1.63330
0.50243	0.24760	0.82841	-0.38032
0.00000	0.00000	0.00000	1.00000
00129.jpg
0.85590	-0.09725	-0.50792	1.14010
-0.05229	0.96085	-0.27209	1.62978
0.51450	0.25944	0.81730	-0.33713
0.00000	0.00000	0.00000	1.00000
00130.jpg
0.72728	-0.23553	-0.64467	0.91475
-0.01684	0.93287	-0.35982	1.62225
0.68614	0.27255	0.67449	-0.29275
0.00000	0.00000	0.00000	1.00000
00131.jpg
0.81796	-0.16562	-0.55093	0.98736
-0.01245	0.95234	-0.30478	1.62652
0.57515	0.25616	0.77691	-0.22076
0.00000	0.00000	0.00000	1.00000
00132.jpg
0.97108	-0.05233	-0.23296	1.00109
-0.03129	0.93939	-0.34142	1.61885
0.23671	0.33883	0.91058	-0.16971
0.00000	0.00000	0.00000	1.00000
00133.jpg
0.99419	0.00493	-0.10748	1.11653
-0.04368	0.93143	-0.36129	1.61379
0.09833	0.36389	0.92624	-0.13589
0.00000	0.00000	0.00000	1.00000
00134.jpg
0.99285	0.01940	-0.11782	1.13306
-0.06385	0.92006	-0.38655	1.60778
0.10090	0.39131	0.91471	-0.12670
0.00000	0.00000	0.00000	1.00000
00152.jpg
0.63112	-0.14222	-0.76253	0.40073
0.01975	0.98567	-0.16750	1.49141
0.77543	0.09065	0.62489	-0.31029
0.00000	0.00000	0.00000	1.00000
00153.jpg
0.82852	-0.12991	-0.54468	0.34579
0.00343	0.97387	-0.22706	1.48237
0.55995	0.18626	0.80732	-0.31225
0.00000	0.00000	0.00000	1.00000
00154.jpg
0.99583	-0.08990	0.01566	0.10061
0.09027	0.94553	-0.31278	1.46285
0.01331	0.31289	0.94970	-0.25241
0.00000	0.00000	0.00000	1.00000
00155.jpg
0.85628	0.01871	0.51617	-0.04946
0.15536	0.94373	-0.29194	1.43984
-0.49259	0.33018	0.80520	-0.13216
0.00000	0.00000	0.00000	1.00000
00156.jpg
0.37754	0.32983	0.86526	-0.08351
0.27051	0.85437	-0.44371	1.41254
-0.88560	0.40158	0.23333	0.07450
0.00000	0.00000	0.00000	1.00000
00157.jpg
0.61022	0.24824	0.75233	-0.04049
0.18564	0.87839	-0.44041	1.42769
-0.77017	0.40841	0.48993	0.01954
0.00000	0.00000	0.00000	1.00000
00158.jpg
0.97386	0.08032	0.21246	0.07864
0.02167	0.89827	-0.43891	1.42784
-0.22610	0.43204	0.87305	-0.10424
0.00000	0.00000	0.00000	1.00000
00159.jpg
0.82281	0.01369	-0.56816	0.31512
-0.30917	0.84961	-0.42728	1.41382
0.47687	0.52723	0.70330	-0.12985
0.00000	0.00000	0.00000	1.00000
00160.jpg
0.61092	-0.03282	-0.79101	0.45633
-0.48776	0.77139	-0.40871	1.36728
0.62359	0.63552	0.45525	-0.08766
0.00000	0.00000	0.00000	1.00000
00161.jpg
0.75809	0.00051	-0.65215	0.47886
-0.26161	0.91625	-0.30339	1.45644
0.59738	0.40060	0.69473	-0.13434
0.00000	0.00000	0.00000	1.00000
00162.jpg
0.76179	-0.00786	-0.64778	0.48111
-0.25469	0.91577	-0.31063	1.45741
0.59566	0.40162	0.69562	-0.13672
0.00000	0.00000	0.00000	1.00000
00163.jpg
0.76508	-0.02397	-0.64349	0.47598
-0.24124	0.91586	-0.32095	1.45773
0.59703	0.40079	0.69492	-0.14209
0.00000	0.00000	0.00000	1.00000
00164.jpg
0.97687	-0.04295	0.20947	-0.01900
-0.00805	0.97154	0.23673	1.51038
-0.21368	-0.23294	0.94873	-0.13071
0.00000	0.00000	0.00000	1.00000
00165.jpg
0.86208	0.05808	0.50344	0.00436
-0.04441	0.99825	-0.03912	1.48446
-0.50483	0.01137	0.86315	-0.12233
0.00000	0.00000	0.00000	1.00000
00166.jpg
0.82513	0.10351	0.55538	0.01028
-0.04264	0.99168	-0.12149	1.47541
-0.56334	0.07656	0.82267	-0.11212
0.00000	0.00000	0.00000	1.00000
00167.jpg
0.88396	0.18686	0.42861	0.01924
-0.01047	0.92435	-0.38139	1.44684
-0.46745	0.33265	0.81904	-0.10478
0.00000	0.00000	0.00000	1.00000
00168.jpg
0.85454	0.05909	0.51602	0.02209
-0.01954	0.99646	-0.08173	1.47639
-0.51902	0.05976	0.85267	-0.08986
0.00000	0.00000	0.00000	1.00000
00169.jpg
0.99954	-0.02985	0.00619	-0.02127
0.02757	0.79863	-0.60119	1.41162
0.01300	0.60108	0.79908	-0.04327
0.00000	0.00000	0.00000	1.00000
00170.jpg
0.94315	0.03968	0.32998	0.02335
-0.00032	0.99296	-0.11848	1.47158
-0.33235	0.11164	0.93652	-0.04766
0.00000	0.00000	0.00000	1.00000
00171.jpg
-0.01622	0.21925	0.97553	0.08017
-0.06334	0.97348	-0.21984	1.45955
-0.99786	-0.06535	-0.00191	-0.15162
0.00000	0.00000	0.00000	1.00000
00172.jpg
-0.45700	0.14889	0.87692	0.03703
-0.04216	0.98116	-0.18856	1.46172
-0.88847	-0.12315	-0.44211	-0.18626
0.00000	0.00000	0.00000	1.00000
00173.jpg
-0.87787	-0.04916	0.47636	0.04075
-0.08766	0.99441	-0.05893	1.47939
-0.47080	-0.09349	-0.87727	-0.26609
0.00000	0.00000	0.00000	1.00000
00174.jpg
-0.64690	0.01249	-0.76247	-0.09642
-0.09502	0.99075	0.09685	1.47886
0.75663	0.13511	-0.63973	-0.20574
0.00000	0.00000	0.00000	1.00000
00175.jpg
0.34740	0.06425	0.93551	0.03770
0.01175	0.99727	-0.07286	1.47590
-0.93764	0.03630	0.34570	-0.12406
0.00000	0.00000	0.00000	1.00000
00176.jpg
0.62833	0.07200	0.77461	0.08789
-0.02479	0.99705	-0.07257	1.47562
-0.77755	0.02640	0.62826	-0.19387
0.00000	0.00000	0.00000	1.00000
00177.jpg
0.77465	0.08901	0.62610	0.01864
0.03515	0.98246	-0.18315	1.47079
-0.63141	0.16389	0.75793	-0.12793
0.00000	0.00000	0.00000	1.00000
00178.jpg
0.66796	0.08697	0.73910	0.03309
-0.00167	0.99332	-0.11537	1.47855
-0.74420	0.07583	0.66364	-0.14038
0.00000	0.00000	0.00000	1.00000
00179.jpg
0.93836	-0.04344	0.34292	-0.00043
-0.05489	0.96076	0.27188	1.51296
-0.34128	-0.27394	0.89916	-0.12600
0.00000	0.00000	0.00000	1.00000
00180.jpg
0.87326	0.17881	0.45326	0.00455
-0.01523	0.93979	-0.34141	1.45396
-0.48701	0.29124	0.82341	-0.12717
0.00000	0.00000	0.00000	1.00000
00181.jpg
0.86609	0.03707	0.49851	-0.00308
-0.00370	0.99769	-0.06777	1.48008
-0.49988	0.05685	0.86423	-0.13584
0.00000	0.00000	0.00000	1.00000
00182.jpg
0.94118	-0.01439	0.33759	-0.03050
-0.00934	0.99760	0.06857	1.49459
-0.33777	-0.06769	0.93879	-0.13323
0.00000	0.00000	0.00000	1.00000
00183.jpg
0.82141	0.12170	0.55720	-0.01383
0.00738	0.97462	-0.22375	1.46666
-0.57029	0.18790	0.79966	-0.12453
0.00000	0.00000	0.00000	1.00000
00184.jpg
0.84027	0.08606	0.53529	-0.01481
-0.00710	0.98899	-0.14784	1.47439
-0.54211	0.12043	0.83163	-0.12314
0.00000	0.00000	0.00000	1.00000
00185.jpg
0.03228	0.17455	0.98412	0.03290
-0.01246	0.98463	-0.17423	1.46952
-0.99940	-0.00664	0.03396	-0.19637
0.00000	0.00000	0.00000	1.00000
00186.jpg
0.00312	0.84553	0.53393	0.05976
0.05708	0.53291	-0.84425	1.35095
-0.99837	0.03311	-0.04659	-0.19950
0.00000	0.00000	0.00000	1.00000
00187.jpg
0.24427	0.65019	0.71943	0.09467
0.03194	0.73611	-0.67611	1.38120
-0.96918	0.18814	0.15905	-0.18015
0.00000	0.00000	0.00000	1.00000
00188.jpg
0.23179	0.67385	0.70157	0.07452
0.04235	0.71353	-0.69934	1.37754
-0.97184	0.19182	0.13685	-0.18492
0.00000	0.00000	0.00000	1.00000
00189.jpg
0.30384	0.61493	0.72769	0.10962
0.01944	0.75964	-0.65005	1.38324
-0.95252	0.21165	0.21886	-0.20796
0.00000	0.00000	0.00000	1.00000
00190.jpg
0.42065	0.53620	0.73181	0.41293
0.04460	0.79345	-0.60700	1.39317
-0.90613	0.28797	0.30985	-0.08402
0.00000	0.00000	0.00000	1.00000
00191.jpg
0.52818	0.47890	0.70120	0.44333
0.00959	0.82237	-0.56888	1.40604
-0.84908	0.30719	0.42977	-0.10871
0.00000	0.00000	0.00000	1.00000
00192.jpg
0.69212	-0.12232	0.71135	0.40748
-0.01086	0.98366	0.17971	1.49854
-0.72170	-0.13211	0.67948	-0.11303
0.00000	0.00000	0.00000	1.00000
00193.jpg
0.99979	-0.01580	-0.01303	0.34624
0.01799	0.98149	0.19069	1.50016
0.00977	-0.19088	0.98156	-0.09211
0.00000	0.00000	0.00000	1.00000
00194.jpg
0.99947	-0.01414	-0.02949	0.33559
0.01715	0.99438	0.10444	1.49370
0.02784	-0.10489	0.99409	-0.09497
0.00000	0.00000	0.00000	1.00000
00195.jpg
0.98610	-0.02571	-0.16415	0.33138
0.02413	0.99964	-0.01162	1.48341
0.16439	0.00750	0.98637	-0.09583
0.00000	0.00000	0.00000	1.00000
00196.jpg
0.85956	-0.10258	-0.50064	0.32944
0.05269	0.99222	-0.11284	1.46984
0.50832	0.07061	0.85827	-0.07117
0.00000	0.00000	0.00000	1.00000
00197.jpg
0.75993	-0.22081	-0.61136	0.32411
0.05496	0.95899	-0.27805	1.44861
0.64768	0.17769	0.74090	-0.01674
0.00000	0.00000	0.00000	1.00000
00198.jpg
0.99403	-0.03163	-0.10443	0.43632
0.01621	0.98926	-0.14528	1.47168
0.10791	0.14272	0.98386	0.00833
0.00000	0.00000	0.00000	1.00000
00199.jpg
0.99462	0.01888	-0.10182	0.42673
-0.02239	0.99919	-0.03341	1.48201
0.10110	0.03551	0.99424	-0.01156
0.00000	0.00000	0.00000	1.00000
00200.jpg
0.99051	0.01561	-0.13653	0.41552
-0.01059	0.99924	0.03739	1.48739
0.13701	-0.03559	0.98993	-0.00059
0.00000	0.00000	0.00000	1.00000
00201.jpg
0.99818	0.01808	-0.05762	0.41713
-0.02323	0.99567	-0.08997	1.47455
0.05574	0.09115	0.99428	-0.00607
0.00000	0.00000	0.00000	1.00000
00202.jpg
0.93833	0.07129	0.33832	0.45765
-0.02851	0.99113	-0.12979	1.46637
-0.34457	0.11214	0.93204	-0.01470
0.00000	0.00000	0.00000	1.00000
00203.jpg
0.99840	0.02789	0.04929	0.42167
-0.02481	0.99777	-0.06199	1.47779
-0.05090	0.06067	0.99686	-0.01809
0.00000	0.00000	0.00000	1.00000
00204.jpg
0.99972	0.02365	0.00286	0.40962
-0.02354	0.99916	-0.03343	1.47998
-0.00365	0.03335	0.99944	-0.01078
0.00000	0.00000	0.00000	1.00000
00205.jpg
0.99968	0.02146	-0.01374	0.40813
-0.02199	0.99898	-0.03955	1.47909
0.01287	0.03984	0.99912	-0.01969
0.00000	0.00000	0.00000	1.00000
00206.jpg
0.99908	-0.01061	-0.04149	0.40603
-0.00099	0.96283	-0.27009	1.45560
0.04282	0.26988	0.96194	-0.02072
0.00000	0.00000	0.00000	1.00000
00207.jpg
0.99407	-0.07370	-0.07990	0.39251
0.02457	0.86839	-0.49528	1.42382
0.10589	0.49038	0.86505	-0.02121
0.00000	0.00000	0.00000	1.00000
00208.jpg
0.34759	-0.56604	-0.74751	0.21761
-0.05220	0.78431	-0.61817	1.55568
0.93619	0.25389	0.24307	0.04057
0.00000	0.00000	0.00000	1.00000
00209.jpg
0.55108	-0.59001	-0.59008	0.01424
0.00617	0.71001	-0.70417	1.53006
0.83443	0.38441	0.39491	-0.04948
0.00000	0.00000	0.00000	1.00000
00210.jpg
0.43797	-0.63198	-0.63936	-0.01628
-0.06818	0.68580	-0.72459	1.52115
0.89640	0.36094	0.25728	0.09955
0.00000	0.00000	0.00000	1.00000
00211.jpg
0.49280	-0.64381	-0.58537	-0.04939
-0.05993	0.64602	-0.76096	1.51546
0.86808	0.41009	0.27977	0.07912
0.00000	0.00000	0.00000	1.00000
00212.jpg
0.70112	-0.47528	-0.53154	-0.11273
-0.09374	0.67756	-0.72947	1.49613
0.70685	0.56127	0.43050	0.00480
0.00000	0.00000	0.00000	1.00000
00213.jpg
0.91499	-0.19007	-0.35591	-0.01271
-0.04142	0.83319	-0.55144	1.54336
0.40135	0.51930	0.75449	0.11129
0.00000	0.00000	0.00000	1.00000
00214.jpg
0.64231	-0.17136	-0.74704	0.21546
-0.10371	0.94629	-0.30624	1.60151
0.75940	0.27418	0.59004	0.12432
0.00000	0.00000	0.00000	1.00000
00215.jpg
0.55381	-0.23452	-0.79893	0.23483
-0.14098	0.91925	-0.36756	1.59097
0.82062	0.31619	0.47603	0.11064
0.00000	0.00000	0.00000	1.00000
00216.jpg
0.46013	-0.39906	-0.79312	0.20038
-0.15271	0.84441	-0.51346	1.55549
0.87462	0.35738	0.32760	0.11690
0.00000	0.00000	0.00000	1.00000
00217.jpg
0.76051	-0.28706	-0.58243	0.05431
-0.01258	0.89028	-0.45523	1.57081
0.64921	0.35354	0.67346	0.07850
0.00000	0.00000	0.00000	1.00000
00218.jpg
0.65137	-0.51981	-0.55273	-0.16019
-0.02739	0.71188	-0.70177	1.49761
0.75826	0.47225	0.44946	0.01753
0.00000	0.00000	0.00000	1.00000
00219.jpg
0.80832	-0.28041	-0.51768	-0.00876
-0.00727	0.87447	-0.48502	1.57317
0.58870	0.39581	0.70482	0.06935
0.00000	0.00000	0.00000	1.00000
00220.jpg
0.59553	-0.26176	-0.75950	0.14268
-0.16681	0.88453	-0.43564	1.56724
0.78583	0.38613	0.48310	0.24744
0.00000	0.00000	0.00000	1.00000
00221.jpg
0.51651	-0.48326	-0.70688	0.12989
-0.07632	0.79625	-0.60013	1.53611
0.85287	0.36392	0.37439	0.22588
0.00000	0.00000	0.00000	1.00000
00222.jpg
0.46727	-0.19922	-0.86138	0.12746
-0.07572	0.96168	-0.26350	1.59412
0.88087	0.18835	0.43428	0.22253
0.00000	0.00000	0.00000	1.00000
00223.jpg
0.56780	0.28741	-0.77136	0.21046
-0.11043	0.95519	0.27462	1.67139
0.81572	-0.07075	0.57410	0.19901
0.00000	0.00000	0.00000	1.00000
00224.jpg
0.77384	-0.21674	-0.59515	0.11771
-0.06745	0.90609	-0.41767	1.55724
0.62978	0.36335	0.68655	0.25618
0.00000	0.00000	0.00000	1.00000
00225.jpg
0.99843	-0.00760	0.05557	0.23304
0.02434	0.95133	-0.30720	1.60045
-0.05053	0.30807	0.95002	0.19575
0.00000	0.00000	0.00000	1.00000
00226.jpg
0.99881	-0.03980	0.02825	0.23407
0.04386	0.98583	-0.16191	1.62743
-0.02140	0.16295	0.98640	0.13922
0.00000	0.00000	0.00000	1.00000
00227.jpg
0.97647	-0.10987	-0.18558	0.18906
0.07184	0.97706	-0.20048	1.62623
0.20335	0.18243	0.96196	0.14168
0.00000	0.00000	0.00000	1.00000
00228.jpg
0.99417	-0.06701	-0.08451	0.17890
0.05949	0.99429	-0.08864	1.64082
0.08997	0.08310	0.99247	0.14388
0.00000	0.00000	0.00000	1.00000
00229.jpg
0.98104	-0.09404	-0.16945	0.16143
0.06801	0.98583	-0.15334	1.63112
0.18147	0.13891	0.97354	0.14559
0.00000	0.00000	0.00000	1.00000
00230.jpg
0.96992	-0.08132	-0.22942	0.17326
0.05001	0.98901	-0.13914	1.63472
0.23822	0.12348	0.96333	0.14113
0.00000	0.00000	0.00000	1.00000
00231.jpg
0.63538	0.04985	-0.77059	0.14357
-0.05402	0.99834	0.02004	1.66090
0.77031	0.02890	0.63702	0.08768
0.00000	0.00000	0.00000	1.00000
00232.jpg
0.96893	0.00381	-0.24730	0.19283
-0.04815	0.98366	-0.17348	1.63430
0.24260	0.17999	0.95328	0.15481
0.00000	0.00000	0.00000	1.00000
00233.jpg
0.98294	-0.08743	-0.16180	0.18071
0.04923	0.97275	-0.22656	1.62064
0.17720	0.21473	0.96046	0.17152
0.00000	0.00000	0.00000	1.00000
00234.jpg
0.72017	-0.15098	-0.67717	0.12872
-0.04054	0.96521	-0.25831	1.62518
0.69261	0.21348	0.68899	0.12014
0.00000	0.00000	0.00000	1.00000
00235.jpg
0.95661	-0.16824	-0.23791	0.15750
0.09823	0.95488	-0.28027	1.61239
0.27433	0.24474	0.92997	0.15144
0.00000	0.00000	0.00000	1.00000
00236.jpg
0.61539	-0.33523	-0.71338	0.10080
-0.10511	0.86207	-0.49577	1.58504
0.78118	0.38008	0.49527	0.10169
0.00000	0.00000	0.00000	1.00000
00237.jpg
0.76223	-0.47559	-0.43911	0.01160
0.02264	0.69753	-0.71619	1.70383
0.64691	0.53596	0.54245	0.18023
0.00000	0.00000	0.00000	1.00000
00238.jpg
0.79235	-0.60653	-0.06560	-0.01109
0.03872	0.15732	-0.98679	1.41325
0.60883	0.77934	0.14814	0.25695
0.00000	0.00000	0.00000	1.00000
00239.jpg
0.77194	-0.63403	-0.04596	0.00011
-0.01685	0.05187	-0.99851	1.41932
0.63547	0.77157	0.02936	0.27123
0.00000	0.00000	0.00000	1.00000
00240.jpg
0.80858	-0.56883	-0.15042	0.03452
-0.03281	0.21166	-0.97679	1.53476
0.58747	0.79475	0.15248	0.20381
0.00000	0.00000	0.00000	1.00000
00241.jpg
0.84471	-0.28145	-0.45525	0.09163
0.03122	0.87504	-0.48304	1.63964
0.53431	0.39382	0.74794	0.12836
0.00000	0.00000	0.00000	1.00000
00242.jpg
0.82063	-0.25431	-0.51175	0.09551
0.03830	0.91799	-0.39476	1.63848
0.57017	0.30435	0.76307	0.11374
0.00000	0.00000	0.00000	1.00000
00243.jpg
0.40778	-0.17072	-0.89698	0.07822
0.02520	0.98410	-0.17584	1.65952
0.91273	0.04910	0.40560	0.06639
0.00000	0.00000	0.00000	1.00000
00244.jpg
0.23834	-0.14351	-0.96052	0.13339
-0.02883	0.98754	-0.15470	1.66203
0.97075	0.06456	0.23123	0.13367
0.00000	0.00000	0.00000	1.00000
00245.jpg
-0.28845	-0.13054	-0.94855	0.14294
-0.04792	0.99139	-0.12186	1.66191
0.95629	0.01031	-0.29222	0.11798
0.00000	0.00000	0.00000	1.00000
00246.jpg
0.94843	-0.06031	-0.31120	0.12776
-0.01947	0.96879	-0.24710	1.64571
0.31639	0.24042	0.91766	0.05031
0.00000	0.00000	0.00000	1.00000
00247.jpg
0.91440	0.10994	0.38959	0.19764
-0.01915	0.97308	-0.22967	1.65214
-0.40435	0.20255	0.89189	0.07313
0.00000	0.00000	0.00000	1.00000
00248.jpg
0.70623	0.21055	0.67595	0.32998
-0.01855	0.95993	-0.27962	1.64627
-0.70774	0.18493	0.68184	0.08153
0.00000	0.00000	0.00000	1.00000
00249.jpg
0.80461	0.14073	0.57689	0.21008
0.00482	0.96993	-0.24333	1.63887
-0.59379	0.19857	0.77973	0.14558
0.00000	0.00000	0.00000	1.00000
00250.jpg
0.96995	0.03738	0.24040	0.21132
-0.01454	0.99527	-0.09607	1.66128
-0.24285	0.08969	0.96591	0.15939
0.00000	0.00000	0.00000	1.00000
00251.jpg
0.99666	0.06251	-0.05255	0.35591
-0.07389	0.96428	-0.25438	1.63196
0.03477	0.25741	0.96568	0.16020
0.00000	0.00000	0.00000	1.00000
00252.jpg
0.99058	0.07350	-0.11554	0.38279
-0.10423	0.95191	-0.28809	1.62411
0.08881	0.29742	0.95061	0.15506
0.00000	0.00000	0.00000	1.00000
00253.jpg
0.99061	0.09565	-0.09765	0.40478
-0.12071	0.94733	-0.29664	1.62347
0.06414	0.30564	0.94998	0.17074
0.00000	0.00000	0.00000	1.00000
00254.jpg
0.98591	0.08233	-0.14563	0.39010
-0.11983	0.95499	-0.27137	1.62600
0.11673	0.28500	0.95139	0.16333
0.00000	0.00000	0.00000	1.00000
00255.jpg
0.98260	0.07189	-0.17124	0.38038
-0.11194	0.96499	-0.23718	1.62986
0.14820	0.25222	0.95625	0.15440
0.00000	0.00000	0.00000	1.00000
00256.jpg
0.96258	0.05154	-0.26603	0.36791
-0.10578	0.97532	-0.19379	1.63591
0.24948	0.21468	0.94428	0.14226
0.00000	0.00000	0.00000	1.00000
00257.jpg
0.94374	0.10117	-0.31483	0.38638
-0.10001	0.99479	0.01987	1.65968
0.31519	0.01274	0.94894	0.13628
0.00000	0.00000	0.00000	1.00000
00258.jpg
0.89139	0.05053	-0.45042	0.37038
-0.14837	0.97154	-0.18465	1.63733
0.42827	0.23142	0.87351	0.17559
0.00000	0.00000	0.00000	1.00000
00259.jpg
0.92678	0.01226	-0.37539	0.35773
-0.10233	0.96990	-0.22097	1.63702
0.36139	0.24321	0.90014	0.14998
0.00000	0.00000	0.00000	1.00000
00260.jpg
0.99999	-0.00163	-0.00518	0.37772
0.00030	0.96927	-0.24598	1.63146
0.00542	0.24598	0.96926	0.14252
0.00000	0.00000	0.00000	1.00000
00261.jpg
0.99674	-0.06895	0.04182	0.36586
0.07870	0.94482	-0.31799	1.62025
-0.01759	0.32024	0.94717	0.15786
0.00000	0.00000	0.00000	1.00000
00262.jpg
0.98719	-0.04909	-0.15180	0.36300
0.00177	0.95479	-0.29729	1.62711
0.15953	0.29321	0.94264	0.14063
0.00000	0.00000	0.00000	1.00000
00263.jpg
0.93596	-0.05325	-0.34804	0.34010
-0.02467	0.97615	-0.21570	1.64190
0.35123	0.21048	0.91232	0.13129
0.00000	0.00000	0.00000	1.00000
00264.jpg
0.59677	-0.00824	-0.80237	0.30086
-0.01886	0.99953	-0.02428	1.66501
0.80219	0.02962	0.59633	0.16160
0.00000	0.00000	0.00000	1.00000
00265.jpg
-0.18059	-0.08224	-0.98011	0.27019
-0.02397	0.99657	-0.07920	1.66001
0.98327	0.00919	-0.18194	0.13488
0.00000	0.00000	0.00000	1.00000
00266.jpg
0.25341	-0.09922	-0.96226	0.27772
-0.04505	0.99244	-0.11419	1.65693
0.96631	0.07228	0.24702	0.19727
0.00000	0.00000	0.00000	1.00000
00267.jpg
0.26827	0.02464	-0.96303	0.49023
-0.10935	0.99399	-0.00503	1.65837
0.95712	0.10666	0.26935	0.25907
0.00000	0.00000	0.00000	1.00000
00268.jpg
0.41454	-0.15979	-0.89589	0.47143
-0.11170	0.96809	-0.22435	1.63099
0.90315	0.19307	0.38346	0.31197
0.00000	0.00000	0.00000	1.00000
00269.jpg
0.39771	-0.16972	-0.90168	0.46907
-0.12432	0.96371	-0.23623	1.62997
0.90905	0.20605	0.36218	0.32203
0.00000	0.00000	0.00000	1.00000
00270.jpg
0.74668	-0.13216	-0.65192	0.49069
-0.09801	0.94751	-0.30434	1.62370
0.65792	0.29114	0.69454	0.32848
0.00000	0.00000	0.00000	1.00000
00271.jpg
0.13731	-0.10316	-0.98514	0.45856
-0.01422	0.99425	-0.10609	1.65033
0.99043	0.02858	0.13506	0.25096
0.00000	0.00000	0.00000	1.00000
00272.jpg
-0.40583	-0.09796	-0.90868	0.43054
-0.06317	0.99487	-0.07904	1.65214
0.91176	0.02533	-0.40994	0.22764
0.00000	0.00000	0.00000	1.00000
00273.jpg
0.67770	-0.30349	-0.66979	0.32823
-0.03871	0.89487	-0.44464	1.61968
0.73432	0.32726	0.59471	0.14906
0.00000	0.00000	0.00000	1.00000
00274.jpg
0.90273	-0.21364	-0.37340	0.27821
-0.01249	0.85459	-0.51915	1.60694
0.43002	0.47332	0.76880	0.12500
0.00000	0.00000	0.00000	1.00000
00275.jpg
0.80706	-0.58447	0.08398	0.14628
0.04801	-0.07680	-0.99589	1.43302
0.58852	0.80777	-0.03392	0.28561
0.00000	0.00000	0.00000	1.00000
00276.jpg
-0.21725	-0.96970	-0.11173	-0.00953
-0.94255	0.23816	-0.23426	1.00285
0.25378	0.05442	-0.96573	0.28019
0.00000	0.00000	0.00000	1.00000
00277.jpg
-0.94439	-0.28632	-0.16171	-0.21343
-0.31564	0.92720	0.20168	0.81658
0.09220	0.24151	-0.96601	0.24902
0.00000	0.00000	0.00000	1.00000
00278.jpg
-0.99702	0.00447	-0.07706	-0.20192
-0.00694	0.98907	0.14725	0.78441
0.07688	0.14735	-0.98609	0.26040
0.00000	0.00000	0.00000	1.00000
