00001.jpg
-0.34289	-0.37509	-0.86124	0.22022
-0.07491	0.92482	-0.37296	1.64796
0.93639	-0.06336	-0.34521	-0.38448
0.00000	0.00000	0.00000	1.00000
00002.jpg
-0.27805	-0.39503	-0.87558	0.23679
-0.10619	0.91858	-0.38071	1.66311
0.95468	-0.01288	-0.29736	-0.59033
0.00000	0.00000	0.00000	1.00000
00003.jpg
-0.29264	-0.36852	-0.88236	0.06113
-0.08807	0.92922	-0.35888	1.66530
0.95216	-0.02732	-0.30438	-0.56929
0.00000	0.00000	0.00000	1.00000
00004.jpg
-0.34158	-0.13565	-0.93001	-0.05646
-0.07778	0.99021	-0.11587	1.20033
0.93663	0.03276	-0.34879	-0.66721
0.00000	0.00000	0.00000	1.00000
00005.jpg
-0.31967	-0.06819	-0.94507	-0.05632
-0.06345	0.99671	-0.05046	0.99790
0.94540	0.04383	-0.32294	-0.68969
0.00000	0.00000	0.00000	1.00000
00006.jpg
-0.27979	-0.22708	-0.93282	-0.10873
-0.09722	0.97333	-0.20778	1.35511
0.95513	0.03256	-0.29440	-0.67178
0.00000	0.00000	0.00000	1.00000
00008.jpg
-0.22462	-0.42100	-0.87881	-0.22546
-0.13140	0.90670	-0.40078	1.64332
0.96555	0.02545	-0.25899	-0.58742
0.00000	0.00000	0.00000	1.00000
00009.jpg
-0.43442	-0.47016	-0.76826	-0.51713
-0.07282	0.86849	-0.49033	1.64924
0.89776	-0.15706	-0.41152	-0.40099
0.00000	0.00000	0.00000	1.00000
00010.jpg
-0.66328	-0.39269	-0.63706	-0.83242
-0.07989	0.88356	-0.46145	1.65210
0.74409	-0.25518	-0.61742	-0.30647
0.00000	0.00000	0.00000	1.00000
00011.jpg
-0.82317	-0.33582	-0.45783	-1.05564
-0.06708	0.85821	-0.50889	1.63377
0.56382	-0.38819	-0.72898	-0.04836
0.00000	0.00000	0.00000	1.00000
00012.jpg
-0.95308	-0.17672	-0.24577	-1.35150
-0.01605	0.84025	-0.54196	1.64002
0.30229	-0.51258	-0.80367	0.18408
0.00000	0.00000	0.00000	1.00000
00013.jpg
-0.97573	-0.14301	-0.16581	-1.44464
-0.05254	0.88805	-0.45673	1.66269
0.21256	-0.43694	-0.87402	0.48544
0.00000	0.00000	0.00000	1.00000
00014.jpg
-0.99945	-0.03030	0.01338	-1.68138
-0.03309	0.89829	-0.43816	1.65566
0.00126	-0.43837	-0.89880	0.79974
0.00000	0.00000	0.00000	1.00000
00015.jpg
-0.99684	-0.02941	0.07374	-1.70809
-0.06238	0.86468	-0.49844	1.65707
-0.04910	-0.50147	-0.86378	1.01971
0.00000	0.00000	0.00000	1.00000
00016.jpg
-0.99921	-0.02717	0.02894	-1.85561
-0.03739	0.88902	-0.45635	1.66027
-0.01333	-0.45707	-0.88933	1.18990
0.00000	0.00000	0.00000	1.00000
00017.jpg
-0.97484	-0.16057	-0.15464	-1.72795
-0.08628	0.91137	-0.40245	1.66537
0.20556	-0.37898	-0.90229	1.36118
0.00000	0.00000	0.00000	1.00000
00018.jpg
-0.99161	-0.08816	-0.09453	-1.75026
-0.04503	0.92114	-0.38663	1.67242
0.12116	-0.37913	-0.91738	1.52074
0.00000	0.00000	0.00000	1.00000
00019.jpg
-0.98042	-0.15709	-0.11877	-1.53118
-0.10206	0.92107	-0.37579	1.66889
0.16843	-0.35630	-0.91906	1.46320
0.00000	0.00000	0.00000	1.00000
00020.jpg
-0.98940	-0.10468	-0.10066	-1.47495
-0.05932	0.92398	-0.37781	1.66891
0.13256	-0.36784	-0.92039	1.36906
0.00000	0.00000	0.00000	1.00000
00021.jpg
-0.92202	-0.23132	-0.31043	-1.24697
-0.11542	0.92965	-0.34991	1.67134
0.36953	-0.28679	-0.88386	1.25419
0.00000	0.00000	0.00000	1.00000
00022.jpg
-0.93686	-0.16955	-0.30584	-1.16791
-0.05644	0.93644	-0.34626	1.67270
0.34511	-0.30714	-0.88688	1.30647
0.00000	0.00000	0.00000	1.00000
00023.jpg
-0.88596	-0.22566	-0.40517	-1.07783
-0.09530	0.94358	-0.31715	1.68085
0.45387	-0.24237	-0.85747	1.33886
0.00000	0.00000	0.00000	1.00000
00024.jpg
-0.90258	-0.21140	-0.37504	-1.31694
-0.08372	0.94069	-0.32876	1.67111
0.42230	-0.26533	-0.86675	1.48506
0.00000	0.00000	0.00000	1.00000
00025.jpg
-0.96428	-0.12183	-0.23519	-1.49906
-0.03636	0.94042	-0.33805	1.67480
0.26236	-0.31743	-0.91127	1.62623
0.00000	0.00000	0.00000	1.00000
00026.jpg
-0.98062	-0.08929	-0.17437	-1.76940
-0.02723	0.94357	-0.33005	1.66836
0.19400	-0.31891	-0.92772	1.67862
0.00000	0.00000	0.00000	1.00000
00027.jpg
-0.99481	-0.05639	-0.08471	-2.00460
-0.02492	0.94206	-0.33450	1.67834
0.09867	-0.33066	-0.93858	1.67092
0.00000	0.00000	0.00000	1.00000
00028.jpg
-0.99697	0.03730	0.06829	-2.28347
0.01159	0.93902	-0.34368	1.67008
-0.07694	-0.34185	-0.93660	1.61923
0.00000	0.00000	0.00000	1.00000
00029.jpg
-0.95498	0.07289	0.28757	-2.57075
-0.02362	0.94759	-0.31861	1.67322
-0.29572	-0.31106	-0.90321	1.47457
0.00000	0.00000	0.00000	1.00000
00030.jpg
-0.97282	0.00027	0.23157	-2.61807
-0.06864	0.95472	-0.28950	1.68405
-0.22116	-0.29752	-0.92875	1.30674
0.00000	0.00000	0.00000	1.00000
00031.jpg
-0.95855	-0.01972	0.28424	-2.59539
-0.10485	0.95200	-0.28757	1.67564
-0.26492	-0.30545	-0.91461	1.03128
0.00000	0.00000	0.00000	1.00000
00032.jpg
-0.96675	-0.03366	0.25348	-2.40328
-0.09856	0.96375	-0.24793	1.68928
-0.23595	-0.26467	-0.93503	0.63120
0.00000	0.00000	0.00000	1.00000
00033.jpg
-0.97377	-0.02114	0.22654	-2.28480
-0.09268	0.94617	-0.31012	1.66824
-0.20779	-0.32298	-0.92331	0.22632
0.00000	0.00000	0.00000	1.00000
00034.jpg
-0.97572	0.00346	0.21900	-2.21625
-0.09336	0.89792	-0.43014	1.65607
-0.19813	-0.44014	-0.87580	-0.17404
0.00000	0.00000	0.00000	1.00000
00035.jpg
-0.95214	0.09823	0.28946	-2.24201
-0.06311	0.86338	-0.50059	1.65373
-0.29908	-0.49490	-0.81586	-0.52101
0.00000	0.00000	0.00000	1.00000
00036.jpg
-0.80438	0.23106	0.54735	-2.48719
-0.09674	0.85805	-0.50438	1.65005
-0.58619	-0.45866	-0.66784	-0.67383
0.00000	0.00000	0.00000	1.00000
00037.jpg
-0.84168	0.19257	0.50447	-2.66920
-0.09241	0.86910	-0.48594	1.65733
-0.53201	-0.45562	-0.71370	-0.60249
0.00000	0.00000	0.00000	1.00000
00038.jpg
-0.75530	0.20830	0.62139	-2.87839
-0.13399	0.87904	-0.45754	1.65771
-0.64153	-0.42884	-0.63603	-0.69413
0.00000	0.00000	0.00000	1.00000
00039.jpg
-0.44636	0.44398	0.77695	-2.91644
-0.03921	0.85770	-0.51265	1.64724
-0.89399	-0.25929	-0.36544	-0.88279
0.00000	0.00000	0.00000	1.00000
00040.jpg
-0.45141	0.46853	0.75941	-3.00952
-0.06193	0.83256	-0.55047	1.64657
-0.89016	-0.29552	-0.34681	-0.89977
0.00000	0.00000	0.00000	1.00000
00041.jpg
-0.28159	0.40829	0.86833	-3.11330
-0.16435	0.87106	-0.46287	1.65427
-0.94536	-0.27305	-0.17818	-1.18928
0.00000	0.00000	0.00000	1.00000
00042.jpg
-0.08304	0.45229	0.88800	-3.24660
-0.04774	0.88824	-0.45688	1.65720
-0.99540	-0.08034	-0.05217	-1.29014
0.00000	0.00000	0.00000	1.00000
00043.jpg
-0.20378	0.50034	0.84151	-3.37254
-0.06500	0.85073	-0.52157	1.64790
-0.97686	-0.16098	-0.14084	-1.39430
0.00000	0.00000	0.00000	1.00000
00044.jpg
-0.01677	0.55124	0.83418	-3.52370
-0.04654	0.83296	-0.55138	1.63313
-0.99878	-0.04807	0.01169	-1.54496
0.00000	0.00000	0.00000	1.00000
00045.jpg
-0.02141	0.58330	0.81197	-3.58990
-0.02490	0.81160	-0.58369	1.63511
-0.99946	-0.03272	-0.00285	-1.49113
0.00000	0.00000	0.00000	1.00000
00046.jpg
0.15379	0.55937	0.81453	-3.65744
-0.01540	0.82559	-0.56406	1.62906
-0.98798	0.07421	0.13558	-1.59023
0.00000	0.00000	0.00000	1.00000
00047.jpg
0.08092	0.50730	0.85796	-3.66273
-0.09176	0.86092	-0.50040	1.64341
-0.99249	-0.03824	0.11621	-1.59751
0.00000	0.00000	0.00000	1.00000
00048.jpg
-0.04342	0.51234	0.85769	-3.59376
-0.09026	0.85297	-0.51409	1.55199
-0.99497	-0.09974	0.00920	-1.52568
0.00000	0.00000	0.00000	1.00000
00049.jpg
0.11979	0.15341	0.98088	-3.51479
0.00166	0.98796	-0.15472	1.13784
-0.99280	0.02016	0.11809	-1.58806
0.00000	0.00000	0.00000	1.00000
00050.jpg
0.18778	-0.12924	0.97367	-3.54375
-0.01752	0.99071	0.13488	0.97455
-0.98205	-0.04239	0.18377	-1.55572
0.00000	0.00000	0.00000	1.00000
00051.jpg
0.10767	0.01640	0.99405	-3.51377
-0.03529	0.99930	-0.01266	0.92191
-0.99356	-0.03371	0.10817	-1.59480
0.00000	0.00000	0.00000	1.00000
00052.jpg
0.09861	-0.00782	0.99510	-3.52604
-0.05731	0.99826	0.01352	0.92722
-0.99347	-0.05836	0.09799	-1.60933
0.00000	0.00000	0.00000	1.00000
00053.jpg
0.10349	-0.00214	0.99463	-3.53112
-0.05947	0.99820	0.00833	0.92750
-0.99285	-0.06001	0.10318	-1.61091
0.00000	0.00000	0.00000	1.00000
00054.jpg
0.11549	0.01015	0.99326	-3.52904
-0.03931	0.99921	-0.00564	0.92517
-0.99253	-0.03839	0.11580	-1.60528
0.00000	0.00000	0.00000	1.00000
00055.jpg
0.00238	0.25459	0.96705	-3.47571
-0.09428	0.96280	-0.25323	1.15554
-0.99554	-0.09057	0.02629	-1.61530
0.00000	0.00000	0.00000	1.00000
00056.jpg
-0.10987	0.54924	0.82841	-3.47351
-0.09753	0.82348	-0.55890	1.58456
-0.98915	-0.14220	-0.03690	-1.66244
0.00000	0.00000	0.00000	1.00000
00057.jpg
-0.12018	0.55797	0.82111	-3.44895
-0.11183	0.81424	-0.56966	1.60880
-0.98643	-0.16029	-0.03546	-1.70545
0.00000	0.00000	0.00000	1.00000
00058.jpg
0.00797	0.49982	0.86609	-3.22074
-0.11430	0.86090	-0.49577	1.61311
-0.99341	-0.09504	0.06399	-1.88927
0.00000	0.00000	0.00000	1.00000
00059.jpg
0.08405	0.54731	0.83270	-3.03873
-0.15183	0.83293	-0.53214	1.61960
-0.98483	-0.08170	0.15310	-2.00015
0.00000	0.00000	0.00000	1.00000
00060.jpg
0.36033	0.62392	0.69346	-2.92642
-0.08823	0.76286	-0.64051	1.61422
-0.92864	0.16961	0.32993	-2.15998
0.00000	0.00000	0.00000	1.00000
00061.jpg
0.43485	0.58248	0.68675	-2.71471
-0.06773	0.78162	-0.62007	1.61502
-0.89795	0.22312	0.37934	-2.26816
0.00000	0.00000	0.00000	1.00000
00062.jpg
0.64062	0.50379	0.57949	-2.46063
-0.05772	0.78414	-0.61789	1.62232
-0.76568	0.36239	0.53142	-2.32236
0.00000	0.00000	0.00000	1.00000
00063.jpg
0.84235	0.35992	0.40114	-2.27506
-0.06068	0.80292	-0.59299	1.63479
-0.53551	0.47516	0.69818	-2.54128
0.00000	0.00000	0.00000	1.00000
00064.jpg
0.93148	0.23184	0.28036	-2.24915
-0.05813	0.85559	-0.51438	1.64252
-0.35912	0.46284	0.81044	-2.72430
0.00000	0.00000	0.00000	1.00000
00065.jpg
0.95935	0.18254	0.21526	-2.21798
-0.07808	0.90457	-0.41911	1.63670
-0.27122	0.38526	0.88205	-2.88769
0.00000	0.00000	0.00000	1.00000
00066.jpg
0.96809	0.17246	0.18182	-2.21646
-0.07412	0.89013	-0.44963	1.63080
-0.23939	0.42181	0.87451	-2.90563
0.00000	0.00000	0.00000	1.00000
00067.jpg
0.91910	0.24716	0.30687	-2.20268
-0.09771	0.89745	-0.43017	1.65497
-0.38172	0.36538	0.84899	-2.80360
0.00000	0.00000	0.00000	1.00000
00068.jpg
0.99044	0.10360	0.09104	-2.00937
-0.05978	0.91736	-0.39355	1.64699
-0.12429	0.38435	0.91478	-2.81466
0.00000	0.00000	0.00000	1.00000
00069.jpg
0.99387	0.10733	0.02638	-1.89401
-0.08421	0.88994	-0.44823	1.64013
-0.07159	0.44327	0.89353	-2.80201
0.00000	0.00000	0.00000	1.00000
00070.jpg
0.99326	0.11394	0.02132	-1.84981
-0.09156	0.88399	-0.45844	1.65541
-0.07108	0.45340	0.88847	-2.56181
0.00000	0.00000	0.00000	1.00000
00071.jpg
0.98247	0.01165	-0.18605	-1.60529
-0.09852	0.87973	-0.46516	1.65941
0.15826	0.47533	0.86546	-2.45139
0.00000	0.00000	0.00000	1.00000
00072.jpg
0.90918	-0.02585	-0.41560	-1.30999
-0.16602	0.89281	-0.41872	1.66886
0.38187	0.44969	0.80744	-2.41201
0.00000	0.00000	0.00000	1.00000
00073.jpg
0.87304	-0.09090	-0.47911	-1.14347
-0.11360	0.91753	-0.38109	1.67068
0.47424	0.38713	0.79071	-2.45077
0.00000	0.00000	0.00000	1.00000
00074.jpg
0.83202	-0.16100	-0.53087	-0.84441
-0.10608	0.89313	-0.43711	1.66251
0.54451	0.41999	0.72602	-2.56359
0.00000	0.00000	0.00000	1.00000
00075.jpg
0.76558	-0.23640	-0.59834	-0.59327
-0.06152	0.89888	-0.43386	1.65717
0.64040	0.36896	0.67362	-2.67759
0.00000	0.00000	0.00000	1.00000
00076.jpg
0.68210	-0.29072	-0.67099	-0.43965
-0.07560	0.88463	-0.46013	1.64605
0.72734	0.36458	0.58142	-2.80074
0.00000	0.00000	0.00000	1.00000
00077.jpg
0.76163	-0.23121	-0.60536	-0.42090
-0.08686	0.88933	-0.44895	1.65471
0.64216	0.39452	0.65725	-2.99129
0.00000	0.00000	0.00000	1.00000
00078.jpg
0.73613	-0.22270	-0.63915	-0.42482
-0.04760	0.92495	-0.37710	1.65697
0.67516	0.30802	0.67028	-3.07475
0.00000	0.00000	0.00000	1.00000
00079.jpg
0.83905	-0.15277	-0.52217	-0.42944
-0.08282	0.91271	-0.40012	1.66098
0.53772	0.37897	0.75316	-3.05227
0.00000	0.00000	0.00000	1.00000
00080.jpg
0.80631	-0.19546	-0.55826	-0.21871
-0.08593	0.89510	-0.43752	1.64654
0.58521	0.40075	0.70493	-2.92663
0.00000	0.00000	0.00000	1.00000
00081.jpg
0.73170	-0.24637	-0.63555	-0.13431
-0.09685	0.88535	-0.45472	1.64174
0.67472	0.39427	0.62395	-2.74675
0.00000	0.00000	0.00000	1.00000
00082.jpg
0.52849	-0.07905	-0.84525	-0.13785
-0.08929	0.98496	-0.14794	1.29650
0.84423	0.15365	0.51348	-2.54484
0.00000	0.00000	0.00000	1.00000
00083.jpg
0.52128	-0.07600	-0.85000	-0.03934
-0.08854	0.98583	-0.14245	1.23024
0.84878	0.14951	0.50716	-2.55545
0.00000	0.00000	0.00000	1.00000
00084.jpg
0.53455	-0.07789	-0.84154	-0.23692
-0.09765	0.98338	-0.15305	1.26224
0.83948	0.16399	0.51806	-2.43133
0.00000	0.00000	0.00000	1.00000
00085.jpg
0.31917	-0.08476	-0.94390	-0.03215
-0.13725	0.98136	-0.13453	1.25336
0.93771	0.17249	0.30158	-2.16760
0.00000	0.00000	0.00000	1.00000
00086.jpg
0.28019	-0.09113	-0.95561	0.11660
-0.06731	0.99117	-0.11426	1.20585
0.95758	0.09634	0.27158	-2.01678
0.00000	0.00000	0.00000	1.00000
00087.jpg
0.29464	-0.13140	-0.94653	0.13200
-0.07906	0.98375	-0.16118	1.18305
0.95233	0.12233	0.27947	-1.95337
0.00000	0.00000	0.00000	1.00000
00088.jpg
0.28892	-0.11405	-0.95053	0.12195
-0.09270	0.98488	-0.14635	1.18725
0.95285	0.13040	0.27398	-1.95118
0.00000	0.00000	0.00000	1.00000
00089.jpg
0.34501	-0.19214	-0.91872	0.03718
-0.07579	0.96992	-0.23131	1.23498
0.93553	0.14943	0.32008	-2.07800
0.00000	0.00000	0.00000	1.00000
00090.jpg
0.37764	-0.14704	-0.91421	-0.06515
-0.14888	0.96482	-0.21668	1.26971
0.91391	0.21793	0.34246	-2.30076
0.00000	0.00000	0.00000	1.00000
00091.jpg
0.52595	-0.12651	-0.84105	-0.23111
-0.10913	0.97066	-0.21425	1.27325
0.84349	0.20447	0.49671	-2.45720
0.00000	0.00000	0.00000	1.00000
00092.jpg
0.55727	-0.27590	-0.78315	-0.36407
-0.11369	0.90894	-0.40112	1.63508
0.82251	0.31257	0.47516	-2.46483
0.00000	0.00000	0.00000	1.00000
00093.jpg
0.72531	-0.12216	-0.67749	-0.56333
-0.11552	0.94858	-0.29471	1.67742
0.67866	0.29202	0.67390	-2.62807
0.00000	0.00000	0.00000	1.00000
00094.jpg
0.77025	-0.12855	-0.62465	-0.76483
-0.07940	0.95252	-0.29394	1.67564
0.63278	0.27601	0.72347	-2.41010
0.00000	0.00000	0.00000	1.00000
00095.jpg
0.61543	-0.22696	-0.75481	-0.89713
-0.07854	0.93522	-0.34524	1.66699
0.78427	0.27176	0.55774	-2.06372
0.00000	0.00000	0.00000	1.00000
00096.jpg
0.31843	-0.38128	-0.86789	-0.73871
-0.04497	0.90844	-0.41560	1.66109
0.94688	0.17137	0.27213	-1.93804
0.00000	0.00000	0.00000	1.00000
00097.jpg
0.34545	-0.36703	-0.86369	-0.64416
-0.08124	0.90519	-0.41716	1.66526
0.93491	0.21428	0.28288	-1.92991
0.00000	0.00000	0.00000	1.00000
00098.jpg
0.44816	-0.35886	-0.81876	-0.46595
-0.04122	0.90662	-0.41993	1.65064
0.89300	0.22195	0.39152	-1.67786
0.00000	0.00000	0.00000	1.00000
00099.jpg
0.22203	-0.47715	-0.85031	-0.37033
-0.03276	0.86794	-0.49559	1.65384
0.97449	0.13789	0.17708	-1.41796
0.00000	0.00000	0.00000	1.00000
00100.jpg
-0.17860	-0.43335	-0.88335	-0.11886
-0.07086	0.90112	-0.42774	1.66094
0.98137	-0.01380	-0.19165	-1.16984
0.00000	0.00000	0.00000	1.00000
00101.jpg
-0.50967	-0.39952	-0.76199	0.10361
-0.04853	0.89758	-0.43816	1.66614
0.85900	-0.18634	-0.47686	-1.16768
0.00000	0.00000	0.00000	1.00000
00102.jpg
-0.09827	-0.36765	-0.92476	0.20426
-0.11540	0.92719	-0.35636	1.67827
0.98845	0.07169	-0.13354	-1.41084
0.00000	0.00000	0.00000	1.00000
00103.jpg
0.08351	-0.35244	-0.93210	0.21342
-0.08945	0.92894	-0.35926	1.67540
0.99248	0.11337	0.04605	-1.48722
0.00000	0.00000	0.00000	1.00000
00104.jpg
0.22117	-0.38201	-0.89730	0.19320
-0.09521	0.90724	-0.40970	1.66224
0.97058	0.17605	0.16428	-1.47000
0.00000	0.00000	0.00000	1.00000
00105.jpg
0.03485	-0.36742	-0.92940	0.32156
-0.06380	0.92725	-0.36896	1.64883
0.99735	0.07215	0.00887	-1.22158
0.00000	0.00000	0.00000	1.00000
00106.jpg
0.05655	-0.37928	-0.92355	0.43478
-0.10418	0.91774	-0.38327	1.65873
0.99295	0.11789	0.01239	-1.27611
0.00000	0.00000	0.00000	1.00000
00107.jpg
0.12770	-0.35295	-0.92689	0.43645
-0.09697	0.92562	-0.36582	1.66119
0.98706	0.13659	0.08397	-1.35814
0.00000	0.00000	0.00000	1.00000
00108.jpg
0.14201	-0.40194	-0.90459	0.37374
-0.07531	0.90681	-0.41475	1.65740
0.98700	0.12702	0.09850	-1.09576
0.00000	0.00000	0.00000	1.00000
00109.jpg
-0.04592	-0.44312	-0.89529	0.27270
-0.09517	0.89409	-0.43765	1.65555
0.99440	0.06511	-0.08323	-0.89752
0.00000	0.00000	0.00000	1.00000
00110.jpg
-0.25809	-0.42468	-0.86778	0.26538
-0.07039	0.90409	-0.42151	1.64854
0.96355	-0.04771	-0.26323	-0.67397
0.00000	0.00000	0.00000	1.00000
00111.jpg
-0.24097	-0.45687	-0.85627	0.05008
-0.07662	0.88847	-0.45249	1.65346
0.96750	-0.04342	-0.24910	-0.74136
0.00000	0.00000	0.00000	1.00000
00112.jpg
-0.49353	-0.40932	-0.76739	-0.23052
-0.03233	0.89036	-0.45411	1.65270
0.86913	-0.19931	-0.45265	-0.69817
0.00000	0.00000	0.00000	1.00000
00113.jpg
-0.56269	-0.39853	-0.72426	-0.44337
0.00267	0.87524	-0.48368	1.65212
0.82666	-0.27410	-0.49143	-0.60680
0.00000	0.00000	0.00000	1.00000
00114.jpg
-0.63700	-0.36968	-0.67644	-0.74071
0.01505	0.87138	-0.49038	1.64924
0.77072	-0.32256	-0.54950	-0.34353
0.00000	0.00000	0.00000	1.00000
00115.jpg
-0.82826	-0.29580	-0.47591	-1.02071
-0.06675	0.89535	-0.44033	1.66284
0.55636	-0.33294	-0.76133	-0.05028
0.00000	0.00000	0.00000	1.00000
00116.jpg
-0.92411	-0.23592	-0.30060	-1.21297
-0.08739	0.89629	-0.43477	1.66691
0.37200	-0.37551	-0.84889	0.21265
0.00000	0.00000	0.00000	1.00000
00117.jpg
-0.98177	-0.16414	-0.09587	-1.61615
-0.10533	0.88958	-0.44447	1.64383
0.15824	-0.42627	-0.89065	0.47510
0.00000	0.00000	0.00000	1.00000
00118.jpg
-0.99851	-0.05425	0.00661	-1.99657
-0.05194	0.90428	-0.42377	1.65016
0.01701	-0.42348	-0.90575	0.69262
0.00000	0.00000	0.00000	1.00000
00119.jpg
-0.99582	-0.04558	0.07911	-2.22312
-0.07503	0.90229	-0.42456	1.66270
-0.05202	-0.42872	-0.90194	0.91234
0.00000	0.00000	0.00000	1.00000
00120.jpg
-0.99415	0.03024	0.10373	-2.51643
-0.00967	0.93129	-0.36416	1.66842
-0.10762	-0.36303	-0.92554	0.99425
0.00000	0.00000	0.00000	1.00000
00121.jpg
-0.98436	0.03063	0.17351	-2.53563
-0.04224	0.91504	-0.40115	1.66795
-0.17106	-0.40220	-0.89943	1.12841
0.00000	0.00000	0.00000	1.00000
00122.jpg
-0.96123	0.07049	0.26659	-2.66776
-0.03412	0.92894	-0.36865	1.67099
-0.27363	-0.36346	-0.89052	1.15791
0.00000	0.00000	0.00000	1.00000
00123.jpg
-0.95749	0.03586	0.28622	-2.90853
-0.05989	0.94591	-0.31884	1.67619
-0.28217	-0.32243	-0.90356	1.17772
0.00000	0.00000	0.00000	1.00000
00124.jpg
-0.99667	-0.02513	0.07760	-3.12126
-0.05180	0.92989	-0.36417	1.66861
-0.06301	-0.36698	-0.92809	1.07235
0.00000	0.00000	0.00000	1.00000
00125.jpg
-0.96380	0.00759	0.26653	-3.02052
-0.08625	0.93698	-0.33856	1.66766
-0.25231	-0.34929	-0.90241	0.95824
0.00000	0.00000	0.00000	1.00000
00126.jpg
-0.91680	0.04684	0.39659	-2.70177
-0.09656	0.93764	-0.33394	1.66705
-0.38750	-0.34445	-0.85510	0.66252
0.00000	0.00000	0.00000	1.00000
00127.jpg
-0.94028	0.04747	0.33707	-2.41274
-0.08686	0.92399	-0.37241	1.66551
-0.32912	-0.37945	-0.86469	0.27904
0.00000	0.00000	0.00000	1.00000
00128.jpg
-0.96317	0.03503	0.26661	-2.27881
-0.08564	0.89989	-0.42763	1.65758
-0.25490	-0.43472	-0.86374	-0.13321
0.00000	0.00000	0.00000	1.00000
00129.jpg
-0.86598	0.21300	0.45246	-2.50088
-0.02193	0.88771	-0.45988	1.64730
-0.49960	-0.40817	-0.76407	-0.54080
0.00000	0.00000	0.00000	1.00000
00130.jpg
-0.66724	0.33964	0.66290	-2.81085
-0.04859	0.86824	-0.49376	1.64925
-0.74326	-0.36166	-0.56282	-0.89624
0.00000	0.00000	0.00000	1.00000
00131.jpg
-0.34046	0.41046	0.84594	-2.92597
-0.03956	0.89263	-0.44904	1.65792
-0.93943	-0.18634	-0.28766	-1.18767
0.00000	0.00000	0.00000	1.00000
00132.jpg
0.03906	0.41245	0.91014	-3.29494
-0.08212	0.90908	-0.40844	1.65479
-0.99586	-0.05878	0.06938	-1.39529
0.00000	0.00000	0.00000	1.00000
00133.jpg
0.15882	0.39289	0.90577	-3.40660
-0.07886	0.91953	-0.38503	1.65986
-0.98415	-0.01028	0.17703	-1.48142
0.00000	0.00000	0.00000	1.00000
00134.jpg
-0.05250	0.24440	0.96825	-3.23603
-0.10594	0.96276	-0.24876	1.31013
-0.99299	-0.11564	-0.02466	-1.33174
0.00000	0.00000	0.00000	1.00000
00135.jpg
0.03871	0.10668	0.99354	-3.19304
0.00739	0.99423	-0.10705	0.92423
-0.99922	0.01149	0.03770	-1.28475
0.00000	0.00000	0.00000	1.00000
00136.jpg
-0.02926	0.15921	0.98681	-3.17740
0.02803	0.98698	-0.15841	1.00180
-0.99918	0.02303	-0.03334	-1.11541
0.00000	0.00000	0.00000	1.00000
00137.jpg
-0.33298	0.47238	0.81608	-2.89044
0.03355	0.87086	-0.49039	1.20566
-0.94234	-0.13591	-0.30582	-0.96981
0.00000	0.00000	0.00000	1.00000
00138.jpg
-0.43781	0.69498	0.57037	-2.72867
0.15799	0.68400	-0.71217	1.40410
-0.88508	-0.22168	-0.40926	-0.63882
0.00000	0.00000	0.00000	1.00000
00139.jpg
-0.82270	0.37223	0.42966	-2.52032
-0.04465	0.71117	-0.70160	1.56052
-0.56672	-0.59640	-0.56846	-0.61358
0.00000	0.00000	0.00000	1.00000
00140.jpg
-0.98029	0.04782	0.19168	-2.29640
-0.08784	0.76356	-0.63973	1.61293
-0.17695	-0.64396	-0.74432	-0.36350
0.00000	0.00000	0.00000	1.00000
00141.jpg
-0.99347	-0.07568	0.08543	-2.21263
-0.11168	0.79882	-0.59112	1.63734
-0.02351	-0.59679	-0.80205	-0.08322
0.00000	0.00000	0.00000	1.00000
00142.jpg
-0.96469	-0.20607	-0.16405	-1.80535
-0.08985	0.84292	-0.53049	1.64172
0.24759	-0.49702	-0.83167	0.15661
0.00000	0.00000	0.00000	1.00000
00143.jpg
-0.81235	-0.35387	-0.46353	-1.49254
-0.08562	0.85861	-0.50543	1.64262
0.57685	-0.37090	-0.72779	-0.00701
0.00000	0.00000	0.00000	1.00000
00144.jpg
-0.61962	-0.47744	-0.62299	-1.12064
-0.10595	0.83733	-0.53633	1.63340
0.77772	-0.26631	-0.56942	-0.28063
0.00000	0.00000	0.00000	1.00000
00145.jpg
-0.15012	-0.56134	-0.81386	-0.88843
-0.11748	0.82748	-0.54907	1.63509
0.98166	0.01318	-0.19016	-0.63048
0.00000	0.00000	0.00000	1.00000
00146.jpg
-0.07291	-0.53827	-0.83961	-0.62366
-0.12157	0.84037	-0.52820	1.64875
0.98990	0.06356	-0.12671	-0.83231
0.00000	0.00000	0.00000	1.00000
00147.jpg
0.15367	-0.41670	-0.89596	-0.46501
-0.09010	0.89705	-0.43266	1.65781
0.98401	0.14721	0.10031	-1.22044
0.00000	0.00000	0.00000	1.00000
00148.jpg
0.24661	-0.43151	-0.86775	-0.69790
-0.09254	0.88082	-0.46431	1.65318
0.96469	0.19480	0.17729	-1.56154
0.00000	0.00000	0.00000	1.00000
00149.jpg
0.69011	-0.25326	-0.67795	-0.76098
-0.10322	0.89274	-0.43858	1.65223
0.71631	0.37265	0.58994	-1.96241
0.00000	0.00000	0.00000	1.00000
00150.jpg
0.89109	-0.12678	-0.43575	-0.80618
-0.10299	0.87864	-0.46624	1.65218
0.44198	0.46034	0.76990	-2.29519
0.00000	0.00000	0.00000	1.00000
00151.jpg
0.91258	-0.11650	-0.39195	-0.86180
-0.07158	0.89824	-0.43364	1.64854
0.40258	0.42379	0.81138	-2.38678
0.00000	0.00000	0.00000	1.00000
00152.jpg
-0.71265	-0.00036	-0.70152	-0.17714
-0.00794	0.99994	0.00756	1.04964
0.70148	0.01096	-0.71261	-0.15698
0.00000	0.00000	0.00000	1.00000
00153.jpg
-0.71841	-0.00085	-0.69562	-0.18182
-0.00433	0.99999	0.00326	1.04985
0.69560	0.00535	-0.71841	-0.16156
0.00000	0.00000	0.00000	1.00000
00154.jpg
-0.71842	-0.00072	-0.69561	-0.18177
-0.00433	0.99998	0.00344	1.05006
0.69560	0.00548	-0.71841	-0.16148
0.00000	0.00000	0.00000	1.00000
00155.jpg
-0.71840	-0.00087	-0.69563	-0.18193
-0.00428	0.99999	0.00317	1.04997
0.69562	0.00525	-0.71839	-0.16174
0.00000	0.00000	0.00000	1.00000
00156.jpg
-0.71839	-0.00080	-0.69564	-0.18188
-0.00426	0.99999	0.00325	1.04989
0.69563	0.00529	-0.71838	-0.16169
0.00000	0.00000	0.00000	1.00000
00157.jpg
-0.71839	-0.00104	-0.69564	-0.18167
-0.00422	0.99999	0.00285	1.04969
0.69563	0.00498	-0.71838	-0.16176
0.00000	0.00000	0.00000	1.00000
00158.jpg
-0.71836	-0.00037	-0.69567	-0.18159
-0.00423	0.99998	0.00383	1.05002
0.69566	0.00569	-0.71835	-0.16151
0.00000	0.00000	0.00000	1.00000
00159.jpg
-0.71831	-0.00044	-0.69572	-0.18154
-0.00421	0.99998	0.00371	1.04980
0.69571	0.00560	-0.71830	-0.16171
0.00000	0.00000	0.00000	1.00000
